9052757990
9347193467
9177233185
7989444495
9908989504
6304385085
9705160449
9866686362
9346120287
9440852228
8919141753
9885494556
9441145110
9676713929
9490510089
9398167656
9010334227
9849472146
8008266842
8106107006
9502083599
8247048699
9505468588
8096646159
9505327377
9908758418
9985226339
9866220958
6303772258
9381196867
6303649600
6300434427
9398600726
6309196467
9701434258
7330851327
8142328937
7702899970
9347137088
9182707792
7075457444
8008434062
7993155421
6303278818
9640201649
9491865416
6300990492
9492227740
9182004762
9177291424
8096853671
9908935641
9346600288
8374782453
9704824957
9618462531
9182130646
9032837822
8617660349
9866259029
9849440380
9849034939
8247580916
6303629201
9010655515
9441445413
6281436874
9491919791
9618629545
9652846939
9866189668
9666948974
9505988322
9704933514
6301491592
9618432180
9908363573
9032370746
8688455682
8008760082
9676709127
6302872542
7995203079
8886393996
8121384482
9550486479
9133648164
8886468113
8309773801
9490425149
9951225653
9392686607
8978810645
9652367417
9849539845
9866667230
6301707151
7013412787
9704365873
6302005487
9704582528
9951539668
9121806156
9959192267
9441189208
9963051301
9618275535
9581405797
9381158382
6304520575
9396942266
9676292625
8008550465
7306067785
9494577850
8500848448
9440168803
9966915990
6301167937
9346274931
9052080579
6300375932
9704355261
8497930215
8008159467
9912654302
9652297826
9392129880
9177575418
7989598041
8309796182
7989141752
9177182025
9949383500
9550569496
9618623956
7032203216
9000476376
7702368768
9490942280
8008228650
9381756488
6303995119
6281826607
7416973015
6300499033
7386110457
7702671477
9000465373
9063760676
7569537305
9490538776
9440941589
9533787151
9951976113
9652339830
6305152406
6302388933
9441012560
9618433365
7780781983
9177555197
8099833680
9849509770
6305287578
6281672822
6300724115
9390933075
9701144563
9676944013
9550188746
6301498998
9182310705
9441241121
9912125056
9618219421
9346847980
7013580644
9985401824
8328602468
9441138372
9182930610
9959996325
9849353269
8331987151
7382507229
7207310694
8008026020
7995597624
9441951103
9948785564
8185891024
6305726369
8096385033
8341507986
6304719404
9492586954
8008028031
9505567925
9441215107
9000829625
9985846794
9490741672
9989785829
9704912647
9866955647
9966748655
9640489421
7993672903
9848315822
9704603239
8885248060
9182273496
9866403826
9010331378
9347791957
9346596951
6302566383
7569564614
9505231068
8374571886
7337468996
9014576295
7032752927
7337388495
9390538355
7989433830
9848356637
9948099598
9441249185
7799890828
8297451025
9866995415
8919600198
9392703557
9346402280
9492536199
9618282125
9618565110
9440454420
9959051991
9849881313
8096008945
7337308655
6305847187
8897279866
9959465526
9346286419
9652199641
9666650536
9704912589
8106777307
6300326234
9704279340
6281039696
9121821632
9908052906
9010084420
9441288078
7382793670
7093437547
6281251887
9182407447
9963050368
8522829520
8886507403
6304244989
7893467578
9948438262
9491453600
9908556244
7989781789
9490481159
9703309952
8074000291
9505587939
9666255901
9052201485
8639248555
6305304473
9949195574
9392825797
9010987768
8106784752
9398726101
9121116037
9885310252
8897054532
9381811263
9391434884
9441164938
8639039640
9908789727
9959518325
7981823763
9573448002
9966704447
9704934182
9491724112
9848580723
8688609501
6305689767
9603534522
9490197752
8688247619
8466863107
9704020392
9704858527
9963088130
9441696207
8985089546
9866060694
9177565469
9505144745
8500647442
9493830657
9441043679
7093814076
9502903508
8328026566
9542902066
9949451656
6304090899
7981588408
9182905850
9701308073
9182520433
9490139505
8374885196
7386320746
9966476201
6309826575
9966718086
9948995880
9676773033
9959776612
9381803327
9676905654
8790122170
9912294981
9121656066
8179277381
9963371382
9391639399
9603633439
9538406295
9966771096
7569673589
9705948461
9052119212
9985321107
9966358695
9000183347
9908864131
6301333611
9441668410
8374291167
8074970755
8919900937
6303035903
8106038406
9581266905
6300801130
7893955083
9491895970
9346424971
9640250646
8008669616
6302604868
9121844702
9848383729
9133122604
9491355253
7207491276
9966791625
9346434274
8790887173
9440327600
9908864886
8978445315
8985596345
9949986504
9502014038
8790145697
8885856597
9866273544
6301931988
9951726125
9640990523
7569145060
6281642926
9703923026
8374838072
9701848415
9963355147
9849635756
9959913856
7618740202
9000366477
9849036584
9959518136
9440591318
7675846858
8637435130
8500233284
9391969939
6304833889
9573134765
9441515408
9177324068
9908233095
8297455457
6300546609
9949133837
9573451716
9121864032
9177840440
9966878387
9493268810
8897728281
9000370982
9133983213
8096287017
9493767970
9381532875
6301935104
7702225980
9642299902
8978645645
9154740715
9885260054
9912619849
9959158380
9963667692
9581808604
7997699577
9030261413
8142284806
9908658693
6303580863
9966886574
8639707190
8498961041
9949904237
8500073599
9652745815
9550074600
9703765831
9346288467
6300878035
9949115208
8985591977
9959370970
9866822924
9491864886
9177325897
8790509650
8121215467
6304885226
6303003584
8555852756
9392097164
9493691390
7995123091
6302983869
9014633844
8501991165
9502021708
6301635645
9000683904
9573131788
8106265246
8374867442
9014779528
9100829093
9908829108
7204870332
8247461221
9441083239
9492437200
9652756767
9177556026
9391880963
7995937917
9177473282
9849054260
9885542155
9493273506
9110521927
9347079498
9908839099
9030272854
9063836309
9000473921
9959249293
8309539725
9441499911
9177762441
9160221817
9440430484
6301261399
8142844285
7075877046
9966042217
9912659255
7670862554
9491987363
7989025900
9494462805
9494542892
8520837885
9515177877
9963615848
8897256499
6303935863
8247329018
9391516596
7981868800
9959161338
8897161531
9705356525
7893439733
9959846523
8309883689
6304057209
9985589826
8688614612
9703086034
9989916485
7396698974
8121151483
9985894008
8185871400
9618353461
9515635913
9347673662
9704204509
9704039747
6301892339
9346812002
9652664081
8309803020
6303261005
7981727927
9550981652
9959679309
8465822258
9985767561
9000463287
8688095247
9515496786
6281313950
9502624247
8179091039
9030248744
9390074748
9490626010
9492750515
7981960569
9441509824
7780230365
9908332251
7675940696
9963780047
9666977364
9704579992
6309391460
9032421426
7780253016
9440932119
7569662595
8008136589
6302762259
7995477594
9652744050
9963039934
9491941546
7032233340
9618305854
7674865708
8904795321
6309495011
9908093625
9959995247
9949250164
9515754262
9000869899
9849175089
9704916678
9666771089
7893992030
8919600663
9666976766
9502676279
8096576453
7780155336
9030661565
9492152824
6281832670
9908398397
9494046423
9490535702
9052200878
8919010394
9573622179
9966983793
9581095044
9963409266
7893970477
7671991468
9949632599
9550014509
8008547496
6303750328
9949695417
7032313449
8466057611
9492916490
9052481527
8688242445
9989021281
9959430400
7416048442
8008054474
9440013552
8247446626
9001280150
8074395016
8247239188
9398563058
9346419797
8328424064
9014760006
7989338581
9398787227
9704036640
9177963319
7728959363
9885334660
9959660252
9182870534
9989334250
9441624729
9701599849
9059617763
8618788404
8519933124
7989355624
9440080423
9492583597
9550915202
6301635336
9553446944
8985972201
9949903837
9177331105
9652097772
6300697683
9959136152
9491361682
8897268708
9000350510
9959187717
6303597763
9493705931
9948818960
8919587324
9441472216
9948649039
9515671884
9703945427
9963657662
9491988961
9390857948
6281680336
8688521176
9346324651
8143280708
9966019589
9490086753
6300613190
9502041646
9959643810
9573589220
9951637465
9492288418
9949295687
9573580726
7893744723
9492291628
9701822481
9849705210
9032134278
8309649994
9989928866
9398947061
9392744851
9704117582
9701145723
9010058573
8501972765
9885956359
9676213774
9000776750
9014478109
8688761793
9963375194
7207420218
9381468833
7995407601
9866024751
9703455040
9908997072
9912865352
9381647133
9603702075
9494805558
9966613392
9177117948
9705964958
6304764232
8499870290
9110762547
9701144969
9959132025
9618456953
9951302845
9963984240
9912195787
7981712559
8106451608
9701271104
7780585484
8520885053
8519858911
9392413960
9052221955
9985610353
7995599746
9553463937
7989202245
9398954101
9550506744
6304609323
9949701040
7672032637
9550514264
9052330510
7893126911
9490478967
8688751317
8897503577
9121446943
9441498721
9000251008
9502345606
8247686737
6301466934
8500981502
8688081761
9966566442
6281665462
9676669232
9494361131
9491586814
8790504088
9949847640
8978317165
9912542649
9908453178
9121116435
9666957432
9490088610
9000002734
9515209101
9000178820
8008888659
6281762969
8008725309
9966865970
8341760840
8519881532
6301457651
9704039958
9177121697
9989505078
8074462220
9989350290
7396453939
9000531274
9951376554
7032016478
9949376558
8897102366
9391133477
9966100647
8919178094
8106605633
9581588071
9948102573
9966718138
8688509417
7386041979
9441641842
6303183899
9347010934
8008148067
9963756227
8328153306
9989501561
9390315624
9949769664
6300221180
9182652507
9494137082
9866609170
9014244351
9959025172
9000176239
9849584051
9885777830
9398898649
9603232219
9346788432
8688286564
8897273755
7780745956
8919098620
9550627864
6305954031
9505815348
9010295722
9949423984
9492125154
9381751403
9441738983
9347961838
7989479684
9908953635
9502730633
8142059849
9492149655
8919253704
7013423377
9494932685
6303971511
9440323196
8179727518
9963190272
7601073451
8985589638
8639185947
9550335518
9989280161
8919090111
9493049796
9030162316
8008486645
9989590101
9502153116
6304898257
9866679610
9666525145
7702671055
6281014954
9110772102
9959542446
9492510058
6281572519
9963428877
9493360436
9121116280
9347581818
9182768717
9885598321
7093950751
9949233450
9705379505
9182696845
6300693547
9866147404
9989200012
9948533520
9398286762
9390435658
9652419824
9550935514
9959405553
9848349978
8712119080
7799129867
9398137054
8106708540
9550379695
9705787366
9052569828
9704277960
9553446472
9849798946
6303178450
9494445337
8074084040
9440468359
9154112084
9121606709
9959477538
7675817838
9908223564
9966366228
9177964978
9100148593
9052246438
7893725352
8985086039
9177964246
9063336785
9550099708
9490746690
9959830453
9704910974
8639863395
7702833135
9912793600
9912403178
9030642415
9059350966
9959544714
9502607082
9346332855
9704151958
9000182009
9908085509
9989469746
9113685193
9550703608
9502615266
9030223887
9966942974
8790238582
7893616743
9959192977
7337479914
9032250702
9989897929
9603833077
6302533572
9652776048
9493692671
8143444741
8179082938
9392815011
9966246896
9000465740
9441445582
9030772515
8309910261
9398665006
9398182988
9640112701
9652782651
9989797904
6281764358
9701715336
9848445970
8008902800
9490716015
8985259685
9951030646
7207993282
9966828521
7780124778
9014486394
9515841300
9959847183
9963708411
9959331552
9963664603
9676085036
9951914736
6305660591
9573451811
7989453995
9704776297
9652043008
8309782332
9515916150
9391970620
8374748410
8179349964
9553903705
9052698230
9908829161
7601014243
9014255424
7569611466
9493830113
8341912411
8639950585
8639691642
7993758034
9848610190
9441415525
7989316162
8522885267
9963439737
7093278530
7993304336
9989463355
9618197538
9989785082
9491864585
8639055959
9866439638
9985898950
9676740372
9000441214
9000873910
7981826948
9985180806
9182000173
9704034588
6281663242
9100148789
9885587665
9908079157
9704724464
9000895645
8897189451
9347381499
9440925801
6281402422
9490481248
8978207847
9390560896
9676713494
9550469861
7702832752
6305199134
9573202799
9912009752
9908050835
9885756899
7780729034
9502656231
8297579271
8297022518
6304691338
9110335368
9704912403
9949237437
9177173531
9390345802
9701438129
9100708541
9703548580
9441904742
8688599562
7013039400
9966926660
8008187390
9704065413
9440229889
9866818558
9398558014
9515542429
9390238837
9490458845
9989358532
7075447949
9441551574
9121692274
9963293056
9966575344
8328647152
6302970587
9177162441
9440255562
9676713310
9390745832
8886546179
6281088582
9440347328
8099944943
9441668570
9492964802
7893887150
8179366900
7569390268
8008900424
9030201025
9346285022
9866713445
8688135085
8977223299
6281784200
8374148989
9000952351
9885935175
9022187337
9063459121
8008864823
7386561125
9676671928
7989114356
9703101331
8008440301
9550095869
9542873140
9030357415
9912265581
9581133264
7680063163
9618352321
9160823949
8187061654
8978658762
9000873966
8919301177
9866987698
9963795776
9959508050
6300266861
9704462465
9866946771
9441034744
9133073810
9666838734
8919591074
9347724755
9980713022
7816000579
9490216290
8309181589
7569575047
9493499529
9948827031
7995740644
7093477024
8185021448
9701275853
9666204136
9951304113
9652837887
7601047176
6300624830
9000092546
9100285249
9493368499
9505181252
8374677682
9652920557
9573383563
9000175969
9502346798
9618679380
9494194737
8985314564
9866778405
9346657747
8886688780
9550099694
7981242645
9494278839
6303170308
8886688779
9492328360
7799557424
6302233527
8886688784
9959048167
9491090869
8886688069
8886688781
9000784208
9063984328
9581746752
8886688080
6304019187
6302223003
7780459514
9705040809
9959189704
8639910529
6305904974
9959104573
8978426877
9392105044
7780513965
9392105451
9502349949
9014477332
7338010661
9392081737
7815985909
9000331877
9502604115
9573636489
8790318625
8096292046
7569613103
9866932397
9581234348
9490873885
8297298230
9441800231
9959247210
7816041603
9492342963
9398333477
9393020119
9440981307
8978873972
9908791065
9676939557
9701118477
7396592055
8465862295
9014351947
7093630908
7993668606
9966334812
6300267283
7013304479
8106243954
6300969953
9347893592
9398827938
7989523664
8897694132
9959148578
8897516307
8886345778
7673994712
9989320831
8106983654
9160118722
9014828747
8008117032
9963169091
8247436006
6302674020
6301478509
9121611805
9100777191
9494455655
9704933194
9010442941
7702978431
9959517995
9912168149
7013789337
9490494802
7993984745
9059343647
8978751775
8179504919
8790622580
9381892390
9391876519
8464891353
9581446695
9963535676
8790821579
9985199347
9885582082
9704825331
9866782446
9492842722
9390644942
8464890253
9959515725
8179489027
9866550674
9346581953
9014348057
9573651340
9000715421
9515858818
9000479457
7893969205
9885582698
9703508621
9908607356
9573626566
8639222697
9010919004
9704586022
6281717380
6305471311
9704505824
9396411167
9573542221
9948934396
6304221908
9985702803
9676311643
9908363657
8309622633
9959657335
9848687058
9052645526
7799449550
8466010759
7981811911
6300718845
8179027267
9666293914
6301535371
9014128331
8639998696
7981139722
7337763937
9542359039
9603853341
7569095425
7702577828
9908241477
9550332285
9581689018
9515151578
8247489612
9492327108
9440982840
9704156287
9182747625
9347299702
8919051118
9440253323
9701880598
9100280463
9491156176
9182393118
9000032782
9491790925
8309977459
8142115221
8501004309
8247283608
9618787274
7670913313
9848504267
7989391227
9515677776
6305961203
9441183810
9652717316
9573716504
9963391242
9390575167
7893197029
9390795595
9390851479
9381706740
9014953424
6305804475
9742816469
9848375947
7989947568
9347374087
8919223862
9000109976
9490982590
7569048598
7799536030
6301145091
8985345665
9701040764
8074329560
7799426900
9391396519
8096678757
7095939379
9618381985
8106539500
7337208639
9492327707
9652330777
8978684224
9908059791
9515848940
9701924532
9705113866
8688828114
8919899599
9550237331
9866279339
9440227826
9391281096
9959370834
9618251338
8746954677
9440598452
9440233049
6303109993
9092550505
9703209489
7337033062
9052755860
9441056694
9490550607
9701144695
7893884042
9989418031
9640076304
9160469336
9490476337
7702674152
9704571627
9959782980
9866188764
9966151682
8978710788
9949041541
9347340867
7989103269
9515499991
9704909233
9949379743
9603139662
9603387390
9849543008
9491947588
8464075454
9704755401
9652355713
9441388215
9441669676
8978156595
9985997684
9701118482
9618491651
9849417267
9014277398
9959107585
9603205711
9959873818
9652507554
9381050186
8919279527
9618282252
9966888477
6301667611
8247415929
9381377817
9346734594
9490693532
9912729079
9949202042
9502301768
9493758668
6302596515
9703462009
9398133885
7993312818
9966672781
8341208783
9948161287
9177182965
9553441911
7675097877
7981077005
9912276001
8309805059
9177846210
8520843637
9502323269
9052065834
9000370587
9502430937
9010676825
9908116612
7661087008
9515189379
9701118928
8008026642
9177578976
6303493045
7093669690
9000715248
9346089718
9347137234
9949092004
6303565229
9948490548
9618947793
9849527580
9182869303
9666996882
8897664280
9581035972
6304953885
7780353024
6304137652
6281898046
8142814824
9618347568
6304099196
9052878933
9177964045
8688753995
6305183654
9110795045
8008463294
9490675782
7416464304
9347153072
8688203140
9515907040
9063638022
8897497631
9704289655
7386856725
8688921002
7981956377
9014222940
9912947954
9704789033
9010372231
9676200989
8143775633
9963329041
9951812927
9985319826
9652450291
9059498975
7337023956
8523099049
9866068202
8688641378
8500234811
9963536394
9491923507
8008523529
6281182372
9390631880
9951238515
8341477505
9972226574
9666948628
8639200977
9866264662
9985340953
9502448608
7013779613
9160149700
9704266171
9010039093
9603743356
7815813710
6360567998
9652921782
8008394935
9908791026
9704521516
9618240724
8317543080
6281780669
9014854196
9505125771
9652556993
9494400036
9704933407
9515944712
9701415218
9441734780
9705825727
9959869625
9440310016
9966936816
6303987113
6304325322
9154129166
9642701747
9493561179
9494592820
8179922145
8328691932
8309528666
9866306642
9177838511
9866950105
9866321792
9959248983
7799146256
6305353653
9492494940
9346163623
9989375605
9666121401
9494453818
9441695639
8978716989
9030243016
8897316969
9704084638
9701760768
9398123278
9441866202
9866106348
9963495158
9866425010
9908332749
9000366752
9000897125
9398785950
9676921951
7093132347
7396974333
6301056921
8919124910
8074794521
8019280030
9949421682
7569300789
9515151579
9381586033
9347220331
9182947679
6304787443
9963743969
9701692072
9652289006
9491130523
8688042196
8639164469
9666519709
7659006712
9704908314
7672029172
8919363391
9966588314
9014480887
9959706748
6302537962
8374693059
9949673668
9160349936
6303108325
9177118731
7386856169
9618477204
9550055227
9160524171
9618250323
9177470246
9949627197
9491354361
9492294245
9963221416
9492748545
9985968922
9618253590
9642162426
8897515139
9618267133
8179266289
9030918894
6281744678
7075184120
9492327468
9912686972
9030324691
9849712532
9701830174
9866438925
9441575397
9494615172
9440086869
9704567708
9849526905
9908969843
7287903988
9398302134
6309080320
6302941227
7382860907
8790871002
9014719119
8328297747
9492750607
9010337295
9347663647
7396429199
6309078718
9491090272
9014022088
9701949378
6300845126
9989812929
7671919320
9885748563
9000467396
9705749753
9989043747
7995411874
9966524133
9052671739
9951485811
8143771158
9989505114
9381448569
9908656264
6305324561
9701008924
7569521180
9347233201
8790263394
7702587048
9032324010
7989004109
9052111285
9491354413
9908263508
9347594384
8985812422
6281889101
9014557121
9949818015
9550343264
9515822502
8374985586
7989706408
6303308108
6309476976
7207758400
6301187552
9866061681
6301700499
9000683360
9177108867
9985948880
9100860093
8008053830
9618504470
9533403055
9515421923
8978426766
9959538364
9440658288
9959846803
9989778226
9603461693
6300282835
9550582785
9133388815
9908807847
9177015736
9704035447
9391229558
6301572649
9550380129
6300018106
9493366848
8466959122
9701042671
8106431503
9704212896
9291406151
9618197876
9912805956
9618691502
9030804583
8374716978
9177680507
9666434840
9441082534
9391126568
9849422783
9963586024
9493356729
9949786833
9949623600
9704744962
9573451435
8074840617
7396486799
9908650894
8897298158
9063394024
9177091449
7829344792
8179405384
9704176594
9573167944
7569969574
9989958109
8179287484
9000873720
8008667719
8297060804
9963355131
9494542745
8179467847
8885256755
9642045196
9885155427
9966999030
9492242509
7093919336
9959496694
9515652293
9391268100
9652990467
8985344565
7981489793
7382861231
9550032928
9908497467
9550410631
9573138546
9392973403
7671077829
9121219003
7702956470
9014428603
7730926655
9177741422
6309655441
7386798320
9542734014
8096465252
9502367788
9133945459
9550323425
9533712729
8008083958
8309853956
9704342543
9640523524
9849483934
9848998282
9177892313
9848670520
9441214951
8008942580
9676797583
9652507817
9281049897
9848495446
9963987597
8374809033
8639034098
8897530497
9398690940
9640423478
7013345953
9703684734
9959209543
9177968504
7799885743
9963020488
9502311138
9000479461
9652116851
9989198223
9502601268
6301796621
9381371098
9052508492
9100474746
6303986702
9492739733
9346638395
9652843445
8555829496
6305867065
6303403875
9959845860
9959183694
9908807595
9866950280
9703221106
9550344671
9603819814
9959375151
6305472483
9010019397
8978963341
9441551505
9100483996
9849538217
9100644295
9398687389
8978974362
7995994846
9493348510
8500984438
9949262639
9966973940
9440857804
9652288573
9441575742
9989375342
8885412624
9010462859
9912472633
7799892466
9866627521
7702697313
9398336411
8374307461
9160535441
9701719408
9704232206
9948292596
9701225231
9441174726
7396651461
9502349924
9704729721
9652117116
9390460367
9949053267
8897899901
9849942263
9949849071
6303199389
8019542350
9491991505
9849826641
9490405419
7386478150
8309790805
7893516856
8639169189
9177112586
9705751577
9849263646
9701687130
6281175365
9000750451
8790416066
7416707757
9491945073
9494912320
6300833603
9014000840
8247639490
6302546004
6281724894
8688614460
8247433939
8500677432
9515242316
9908134812
9908539910
9908830171
9573970688
7674021254
8121324836
9441581979
9959455871
9966768995
9618954339
9100754748
9347317678
9989160710
9491362347
9100828062
9963677544
9866157745
9666334244
9391287033
9014631922
9493366169
9000683891
9704282430
9441415858
9390384947
9515555954
9959659075
9849558473
9398168709
8985505078
9573138362
8919184899
9912581586
9000321985
9177769036
9133518265
9491358652
9908020576
9059407947
9030970185
7702251284
9966644830
9493750972
9642487327
9949714671
9542427808
9948072698
9515204305
7842553367
9603265512
9866711201
9885280605
9985348041
9381978511
8096131107
9398847082
9989538106
7981673652
9502898055
6304743759
9966364132
8555974286
9704909606
9959487916
9542257937
9912201540
7816005423
9553124493
9652072873
8555845967
9441377129
9666044163
9014448174
9885995361
8639706948
9652139044
9676816718
9966976265
9618191374
9177139733
7993020965
8019738320
9441096518
9000508572
9381975872
9182311097
9989904794
9640801995
9502696050
9908918310
9493421556
6300525847
9618458586
9948905841
9390949451
9381235964
9949690109
7780167269
7981772072
9908518598
6302157704
9113287200
9949059078
9492873218
8309362622
9885258147
9949694364
9959252812
9885572505
7032652512
8367363607
9542103988
7702068448
8977225276
9701857884
6302258535
9542023219
7675825112
9948773574
9966644054
9482301175
9014846938
9618279325
9441445114
9398388185
9154271077
6281245808
9618851852
9515448236
9989159903
9966194861
9701629617
6303179191
8341996962
9676436892
8008466826
9441535952
7702776249
9949607413
9949040213
9490122239
9949343405
7013266007
9848743056
6302327613
9618201899
9704282916
7993457587
9866662250
9705393984
9440822879
7799812594
6302786169
9347449920
7989703005
8143347384
8179451449
7675865186
9866826664
7222880333
6300595419
8106477127
9985242015
9059378674
9052390018
9908625737
9963030566
9666891620
9381441399
8179307951
6300305615
7386143553
9347129941
9573726415
7569065586
7799188617
9951216027
9885769096
9703589593
9573555096
9676409224
8688564313
8074034415
9491420070
9390870069
9948208609
9701848374
9515864143
9966069017
7331158464
9247141369
9632279661
9392236055
9959477917
9704460533
9010962511
9440045553
7032304519
8247818599
9951471107
7993607311
9550105256
8074610168
9618352278
8978505919
7032289153
8142194256
9573679119
9550954722
7799476754
6302624547
9618735273
9052625524
8008315538
7780271135
9912426604
6301180799
9963824951
9989786167
8186073829
9346034247
9100316350
7674012991
8688080674
9010702073
9912723588
8897895171
9182786355
9652507159
8179660809
9398599092
9493368422
7893814319
7386515143
7995223978
9441097352
9849802755
6309416410
7330988728
9704402760
9959940093
9347664884
7032610319
9177031020
7989215646
6302377350
6281487904
9490220644
9502387342
8142419597
9347318050
6302178038
9490200295
9493845918
8688843853
9618818067
9000178224
9618360978
9182184551
9391969246
9502785886
9966734295
9618405897
7729012311
9701800302
9866711534
9059818213
9959130266
9959973727
9182306235
8985088966
8332036272
8341130364
7337032100
8520996956
9502257602
9440404645
9440014860
6302766975
7815814557
8297533215
8341398684
9491900888
9493758758
8555083340
9866092606
9491120112
7995309141
9490540278
8341112329
8179937330
9949909181
7780260888
9963606870
8897393002
8885300131
9908063098
9849866327
9642610087
9346770426
9849698257
9704916681
9989954075
7989372160
9000178958
9666623705
9030695709
9949133704
8985731406
9959470348
6305030827
9704093735
9573324290
8639411266
9966567503
9177097279
9951273481
9963499535
9963235011
9441009885
9676108094
9985514458
9440891212
9666050517
8019531975
9014371818
6305575711
9676711193
9441446316
9492330133
9390433427
9959764805
9493759533
9177965480
9346665832
9849745252
8074292601
9010169319
9959179493
9989986949
6304500373
6281318035
9491782637
9398983761
8106370440
9573637917
9391402910
9949580491
8897175156
8074149894
9885880186
9985038116
7995062843
8886900284
6305431782
9182297423
8977399902
9390512236
8885234257
9949415826
8247727925
9985313604
9849398932
8374283670
6281452394
6302566541
9494137188
9440547122
9440019316
9603508538
9052040063
8500843941
9573110718
9701624104
9676322327
6361571962
9908828826
7013713191
7396462825
6309702117
9642557477
9052207463
8008850372
9849109229
7989373386
9441244665
8688997225
9959114650
9849051696
6304788191
7702293075
9000478890
7569698456
9182596773
9347394170
8374123356
9573107850
9542763317
9440733473
9515888856
9346446902
9347129298
9493420924
9704282393
8179538472
9652846776
9652360195
9701875896
9398232994
9573291816
9491984620
9441904809
8074445055
8374959603
9949822179
9573798679
9866276323
9182898431
9885532831
7569565552
7093118966
9949850469
9701837300
9010672966
9963364595
9032928669
6300501867
6300883789
7569707738
8688875607
6301063733
8500985072
7013079615
9849775494
9581813894
7760738424
8008033652
9490859204
9618672621
9959380050
9553461905
9347102059
8374517079
6300573061
8008641016
7995120454
9989466335
8897161340
8008212105
8096059127
7569160793
9391817606
9573098113
8309497709
9703581247
7396629333
9392188934
8309932561
9704589290
9030666354
9703616118
9573138700
9885666354
9951805451
9398683194
9000479491
9052153773
9110520757
9951216105
9866140720
9177312265
9032090068
9573770479
9885077768
7386854119
9491752367
9160458524
9959699546
9000127297
8142508222
9398422814
9985134359
9014415564
9490531374
9347832789
7601092701
6303382768
9989396856
9392389780
9848889800
9177025507
9866602050
8639467052
9440248207
9985198568
9885465833
8639596138
9959294840
8978433393
9542442536
9704806621
8978559913
6281220550
9441823979
6281027585
8106019533
9849511814
9849626804
9441074230
9052411349
9666773215
9000487037
9010640780
9963121773
9000137294
6302340577
6302342939
9010711440
9705814010
7989818953
9550528301
9391459088
9502628863
6281574220
6300285611
9618474452
9491575337
8247458682
9515724446
9550334594
7671893304
9515203733
9542973156
9980405093
9701439067
9966137362
9490539542
9381779154
9160272712
8688523122
9866877424
7893651951
7013891005
9866434397
8978445596
7386204965
9000760698
9908227709
8639077270
9949089193
9703627161
9573827284
9392653353
9966890889
9581298050
8247821083
9652451841
9966512292
8897200495
9866579525
8978528923
9848253498
9704189011
9966965712
9063602786
9381855713
9493054547
9550439994
9100556751
7981773550
9440326638
9440925377
9550893865
8121242209
9908658996
9989413989
9441800254
9347337542
8328431227
9959377130
9160422963
9703553628
9908842890
9381606921
9642736655
6303693195
9959069073
8179810415
9100653486
9550882618
9032181861
9703930670
6301258408
8179848163
8341120599
9701848070
9014872899
9014136483
9849546358
8919195610
9441903895
9110730525
9989454516
8106661402
9701555075
9959471370
9849904087
7013757382
9652101964
9390786534
8520093427
6304198979
7842220494
8341681874
9381279664
9703352062
8886779500
8688380768
7674006757
9100390794
6300156616
9177502691
8501942367
6303895884
8179529534
8985997808
9704755183
7671004546
9440663817
9908713180
9000005261
9705398043
7893401099
8374942525
8121953129
7730099500
9948763639
9849586848
9154613167
9963019744
9014148810
8688235351
9912866162
6302164384
9666369909
7981907861
8790119540
9032221466
9885993612
9908448681
8465027546
9701753625
9963955383
9032073156
9381615088
9966829575
9346494953
9618034840
9490765640
8328651030
8985758734
8790504008
6300327838
9963720767
7396934042
8919283518
9032137960
7893882800
7095959487
9866726950
8106593418
9581899744
9440735112
8297972838
9959409945
9346305380
9390837462
9490200462
9866194819
9963535346
9346196739
8121455467
8639084677
9440949022
9014212919
9493270472
8919163175
6281766045
9390310430
9966826556
9381780450
9014021863
9701973318
7981526115
8886261271
7013780902
9652989198
9502057503
9177855696
8074243923
9346253018
9390953260
9390617288
8050638107
9959207048
6301177167
9182478411
9949767819
8885289615
9110540392
9550156295
9908362886
9959747836
8106100494
6303593588
9676434822
9652885782
9640250263
7702784193
7981223821
8008925241
9908444328
9063635991
6301811465
9849869624
9502066986
7893619858
6281272740
7075117177
8374622986
7207794376
6301459133
7815881668
9347222987
9642872316
8310447201
8341025082
7396760290
9885549981
8125754220
9392884548
8328258874
9963616038
9381635482
9866967545
7093635161
7893706938
8374292207
9059017744
9502602789
9121993501
9959851708
9985746479
9052102048
9398455046
6301693487
9701636385
8886113233
9701878142
8886572689
9591614897
6301423929
9701557197
8099611175
8499930706
9640105005
9866329744
9515722585
9573390186
7569684312
9014606570
9493560232
9676259497
9493855720
7386417519
9505484648
8367633848
9440360990
9000179665
9666036921
8688830444
6281801483
6304297412
7981977141
9440807959
9030708554
8919984112
9866034847
9392972887
9676712273
6305086420
9866855220
9849920557
9849807092
9652665358
6281974485
9618245830
8897564370
8639868224
9949698150
7731988569
9502342603
9959518059
9666196418
8790178427
9652462137
9493273898
9701835717
9063945763
9866002872
9398144343
9581080987
9705907122
7989413545
8143771705
9703267278
6303135621
8885238846
8008853050
9505963133
9550667650
9052104726
9963616082
9704493697
9177596938
9912426240
9912145988
8618794078
9030528797
6304145034
6303877049
9618508662
9182793139
9494326017
9502343274
9703912555
9949632193
9160400687
8919766379
9581786965
8431770772
9701440620
9440835950
9959396385
9989964852
9581042699
9391819609
7780659064
9849341730
9959843349
9966926669
9573769690
9550378406
9346597662
9703316781
8341835414
8247502040
9573235819
9000033049
9908096566
9866720954
9705024705
9440909430
7993626657
9493344227
9000085010
9392711635
9849364971
7799046734
9492675090
9490625955
7416501021
9493348812
8309362425
9059501985
9704086400
9440784390
7989389528
8247456301
9346706175
9618989906
9963548971
9391745728
8431292711
9676477250
9392715741
9160436167
8977794491
9989524630
9493613364
9502555175
9000970028
9948614409
8297939225
8328214442
8374625254
9959738504
9100662995
7799005575
9505750179
9949481779
9505588628
7799443600
9676261005
7702565329
9573484858
9705601022
9985264698
7075696712
9182941526
9177114070
9441095269
9959561273
9492288322
9985983295
9908038118
9885853150
7658955057
9440414866
9492749903
6305622046
8919739839
9290779786
9701584740
9885579821
9177869341
9845146957
9177404006
9160575016
7702186763
9704112592
9494584473
6301700818
7671013205
8978172563
9908594270
9963171311
8074101714
9573011827
8179582140
7330682311
9550915010
9493003691
9948682305
9949673467
8309266172
9505214366
8106628102
9177496457
9948518156
9666365427
9963917395
7207254008
8074075776
8639106678
7893113649
9059462678
9618352160
9989624734
9848280771
9515539599
9381590571
9705708506
9618202284
9951916098
8074592241
9652837903
9392864939
9492748599
8790118988
9701838583
8008751629
9491446212
9573167310
6301163957
9703513510
9959432350
9000032680
9640481614
9502683317
7799359849
9618058785
6379627011
7075031899
8142660562
7702025147
9642952367
7093402596
9948295276
9494389621
7396522227
9346643481
7569716884
9000458272
9494515779
8712348364
6281083370
9949094582
9642555073
6300307381
8008486812
7989528144
9618832562
9100225872
6304303115
9346178346
9908323646
6301315636
9885510187
9959051707
7386475908
7569849638
9701277028
9494836031
9440444099
9000034997
9963004577
8978495710
9701923756
9346610748
9949075385
8790669322
9908954329
8008096114
9985414660
9491763337
9866620365
9502659813
6281775542
9949317613
9391525151
6303076867
7981446679
8179100897
9985764752
9000324197
9441603116
8374563475
9398262768
9603448281
9959432028
8179104510
6301099950
9908046537
8886074435
9704266539
8886234919
9505552125
9573665525
9581082375
8885502118
7702736624
7993276040
9573428944
7075203076
9502057457
8008919113
9885896212
9704117619
9705549048
9618715303
9177048329
9666772994
9989402822
9490859947
9177965351
9949739366
6300386102
7842277629
7207049324
9014949885
9392898306
9949647176
9959052063
9652483822
9666358573
6304859669
9885972938
7993155831
9490442205
9490859594
9966456562
7670973338
6301683269
9398261505
9949617684
6303882010
9390894309
9704037039
9640975517
8639363394
9505599769
9502592370
9381694392
8886956909
9515675572
9346413795
6305258694
9515647257
6300496580
9573203419
9392720533
9160200269
9000603752
9391733610
8897704911
9966760712
8184949671
9985296236
9966917574
9849583238
9618419076
9573716524
7032570304
8328045884
9381374886
9000177491
9951745239
6303594338
9581155459
7416646092
6302803831
6281179366
9908575240
7989097926
9949975562
9989349936
7386581843
9000476181
6305439873
9618267014
7569867167
9391337239
9848134998
9949262305
9390169551
9553392171
9949774779
6305733848
7893218856
9063581396
9347900772
9951646199
9704427279
7989731424
9959866416
9959049646
9642108083
9618503236
9494848348
8985997809
9704034759
9014332930
9059294955
9392710013
9963073296
9052740363
8143932165
7013838919
7396505059
8106652220
7396346008
9392140300
9704132979
9010108212
6302868327
6363072342
9440551773
7997896661
9493816200
9381701144
9014702971
7382793955
9573567244
9000031895
8978339899
7674814815
6303936223
8712312234
9951120342
9392575068
9912483649
9966881350
9490195390
8639103341
9177216663
9550713288
8688045625
9392655946
9121884264
9515055635
6304662022
8499800964
9052794649
6302167523
8919196159
9704703607
9052527576
9505639630
6305342431
9908673148
7702834291
9948109241
9849101297
9848052964
8074607692
9908605534
9542996866
8309342112
8892830708
9848374943
7995791075
9553271371
9398017520
9966092300
9848432360
9652794261
7013827978
7815966272
9676070521
6305264340
9182767364
9441445330
9618353429
8341307612
6300198614
6305837146
9441270748
8074661432
7842903267
9392837348
7780400605
8074260690
9963662494
8074261822
7893065854
7989708277
9866631676
9963986736
9573664094
8688290617
9959192592
8106312442
9989159761
8978659186
8374370033
9391677271
9885003918
9618984866
9392171875
9908750443
9440272769
9676477956
7702482114
9652683066
6281421062
9440125333
9515260077
9182493249
9705160611
9618802006
9110330255
6300513327
9182041590
7799932222
6300234897
9703939974
9866753177
9618201009
7337018062
9966258587
9550855319
8499916679
9063633109
7396577508
9398095348
9912741009
7989814375
9346631462
9885368633
7036428047
9676027126
9515943117
8247010052
6281229482
6363722903
9908083598
9502417259
7893815816
9989626398
9581112259
6303363882
8008409963
9441904606
6300204448
9849288494
9502404842
9493495682
9121317355
9347364150
9110777425
9182269532
9989853401
9849114940
9441708804
9705772633
8309825596
9573136478
9618834942
9494933955
9490212202
9391656039
9491164354
7675096191
7899816613
9618434900
9441766145
6301038002
9381052037
9704598667
9912678539
9290801967
9866609638
9502821264
8886537760
9963920501
7799555389
9391574735
9381657329
9908851044
9440471038
7993834510
9550029018
8328059489
6301116590
8985505024
9652498552
8790520287
9502445614
9963253671
9948540196
9177596394
9963004053
9014126455
9666615072
9347692535
9849682579
7013544343
9441759988
9704477462
9550348975
9701992016
9381160856
9849204584
9441012296
9177027291
8971453916
6301337541
8985343339
9491090975
8106939674
8247478914
7032597202
9440874189
8978572432
9866256744
9618946525
9346474164
9502387242
9912739023
9182336928
9059076373
7013526190
7989604852
9985994401
8309047207
6304073582
9949260791
9293404126
9502695120
8297095412
9701945227
8522018740
8096291594
6301289782
9502336640
8247500998
9391236940
9550090551
9121410366
8500708207
9441498943
9849041250
8688068846
7815869793
9000765923
9160936041
8106670769
7013331960
9030632823
9390572492
9866383694
6302447055
9177028972
9441051955
8985092404
9912396553
8886882004
9866949676
8639362305
8008424912
9640338615
7658951664
9441595817
9441580421
9000617080
8008380713
9550105398
9963753834
7702989859
9346758349
9959519520
9494933957
8886707074
8106646198
8886940210
7989842289
9381915959
9959742148
7981249758
8374283288
8328332127
8333927346
6302406871
9581295104
9866364306
9949841410
6300574762
8897351127
9701741865
9052008700
9618778961
9908476947
9908363655
9441145528
9849054563
9704056440
9100489879
9505583787
9440027937
9392636206
8790665895
9963984294
9550516739
8919812194
9618914258
9618267072
9390285667
9985872813
9949229894
7569443392
9963583017
9848847861
8978569722
6300388243
9182150053
9110769320
9966610884
9177334137
9346276956
9392852275
6303814266
9000007514
8142316277
9063002983
9618670054
8074864552
9581970193
9390602323
9966779524
9948362414
9908050897
9951523622
9160231167
7893340424
9985339106
8919861069
8309395077
9948900818
9966139702
9000368640
9381274410
9121116626
9959851776
7674865987
9440508246
9000483495
9676375259
9014276035
9848277817
9951229154
9848678311
8019355829
7989271023
9848733815
7981741392
9014542296
9502421042
9885064166
9985629681
6301388761
6300186604
8297037264
9441381933
9885360227
9393803345
9701924183
9989178917
7036424582
9866992327
7799299770
9966431011
8143318347
9908658971
9550039774
9989853178
9346879844
9676427665
9963443382
6300601224
8142897861
9704351445
7013967550
8142962352
9440789415
9912195475
8886886529
9492553380
9502907648
8008516925
9492389208
7842553426
9701862360
7680975700
9247771255
6300616800
9603510812
7780750535
6303651343
9701437267
8374210162
6305055962
9951503287
9391633838
9000370591
9603535314
7569808218
9885712560
9573915005
9848216281
9701395490
7013664169
9490838290
9908748705
8978717598
9440598604
7816089467
9441553089
8074262375
9390568814
9167265532
9989887985
9052246558
9390639975
9959985620
9293945764
9705920351
8919456644
8074588179
9963157543
8125233017
9652921963
9502605448
8179036466
9490194681
9494738901
7396953100
9502418229
9000161284
9177269898
9963075863
9381758838
9177095891
6300110714
9676260919
9392422867
9502550574
8179682422
9963617184
9492845512
8499849311
8296211248
9912653318
9121100283
9666146761
9505977030
8519854068
9391313596
8341099025
8466830389
8978329181
8008666950
9676918983
9121423198
9676035419
9347300753
6300649770
8142161883
9391620103
7032106676
9573416420
9491864668
7989155691
9390017134
9441497509
7382721273
9392696657
9177401251
9573560272
6301245260
6300338124
9989761393
9966616652
8074260884
9705344916
9182565224
9347602762
9885316504
9491354430
9502341336
9573486015
9963318874
9100704721
9515894229
6305559158
8008140706
9908656955
7330648105
9515876905
7702893482
9032978975
8464961390
8096631520
6302276562
9000402984
9985146800
8328551106
8466001564
6301849177
9398891376
7842455793
6301666794
8919238807
9640081561
9951889797
8978073687
9704292239
8317676249
8639803442
8374926614
9110334666
6305160082
7569514543
8897595461
6309122963
9908600850
7416857798
6309838794
9502957353
8247819593
9113816160
9989988921
8106837402
9000539771
9505924801
8008675098
7331108205
8897124257
8498999567
6303299704
6304195308
6302831036
9491792900
7893905576
9573134340
9949077124
9985338405
9346809717
9704212866
8919896055
8555034724
9959469691
9490914314
9550340381
9441445205
9391458259
8019822198
9985966923
9347242446
8978656038
9949638552
7799302934
9550425886
9515955069
8897506626
9912113996
8886174244
9618196604
9052789439
7780771205
9866713125
9989196162
9381451603
6304066959
8179855373
7382983162
9391484095
9491763516
8309275112
9182305109
9030213101
9494136842
9912487341
9703377961
6281909839
7993191649
9603324872
9963976551
6301684510
9505826103
8522028814
9704022492
9618318830
9704189097
9652745510
7993875702
9000366161
9866720100
9908829063
8341452030
6304242496
7337545054
9010824777
6302858953
9000657768
9000626794
9704203973
8465864520
9912946525
9966034325
9391578790
9030600201
9505271527
7702428541
6309424434
9676505164
7989991244
8121815314
9440917360
9441736180
8639603242
9177097754
8919585504
8328169144
6301835767
7331120934
9014458746
9652248471
9866669178
9381157400
6304628159
9010348016
7981546044
9704277249
9550618903
9100502737
9515208648
8008033040
9885961389
9381081614
8008552039
9701338332
9381344644
8555878053
8688060901
9440516809
9885693563
9322114337
8978057685
9985294765
6303459932
9704290246
9441164223
9985372886
8978020927
6305907939
8106624933
8309294552
6303174020
9515079300
9063584620
9505985858
9347808088
8374157780
9542778258
7032060403
9949161032
9701874632
8142881139
9703954544
7569353005
9949992613
9182741453
9346394573
9666982792
9550549186
9573832267
9652213497
8008412865
8074724574
7989910195
8374440151
9494931123
9492654901
8374010748
6300026520
9110566235
9391174668
6304448722
9182463946
9052667970
7981045257
6300188515
9347919451
7981994545
8179301099
8019584632
9010447790
8374069800
6281881665
9502373105
9390571909
9482490087
6304967326
9908177122
9949849816
9701848326
9701143667
9885755654
9392389140
8142882352
7702661955
9392772137
9502307779
9398498154
9959851819
9347111344
9440505574
9963089087
9652220207
9573190528
8096982779
7780634377
8688491771
9052192062
9381099692
9948354047
7075343362
9618562120
9347224706
9493364181
8985346648
9951130846
8790184929
9849897166
7569789854
6304020923
8519976625
9505253102
9014799439
9959467114
9030269513
9381142681
9553686925
9966446440
9704772773
8639722462
9177248869
8105650874
9347478323
9652228108
9121605639
8179343274
9949081680
8179088262
8142346962
9704015335
9959514731
9966578300
9177294361
9885176877
8978423236
9866481926
9949363069
9000479434
9985866254
9959471337
9110335372
9849519718
9290753203
8374317693
9618275815
9440408739
9666534378
9652506746
9505251078
9652220833
9980689199
9611029696
9573131712
9390096829
9704073615
9440218993
9032377675
9491111001
9490234640
6301695414
8985346647
6305014842
9949222108
9000611875
9948717495
7569820814
8639391516
9652837564
9441551992
9849565219
9182533052
7601020414
9618630082
9182895763
9963168993
9490362863
9392071205
9959502785
9381670964
8500733299
9959006068
7674820288
6305580853
9912895985
9652184086
9392139774
8106889752
6303096272
9014138141
8074271189
9949787303
9908559347
8121142895
9182851650
9959473810
7382793326
9000891454
9390662757
9849160310
9989160347
9490802208
8247349057
8143318331
7993885686
7337200107
9440734147
9398278944
9866695982
9493736890
9573214467
9505334643
9866473500
9948220945
8096035693
6364815461
9063962150
7569907249
8886353356
9581093810
6300237935
7989004481
9676430305
9866761368
8639674380
8099949990
7416555818
8106205734
9963496874
7799637053
6305825551
8688778356
9701865212
9985385375
9381962780
9966452628
7032079241
7981273963
9970796975
9502024398
9030559238
8008905098
8007619307
9491091291
9502997932
9392866416
9966975697
9849508793
9963930313
7674928715
9515517841
6302901228
9535684295
8374841399
9704755101
6301751986
9494586160
7382635345
8074423717
8008146921
9704908159
9848776883
9618941851
8074678953
7816056408
9014979838
7670930436
8179500238
9848884419
6304136010
9100385194
9515633476
9989561883
8008669654
9381909203
7794806109
9059489235
9848361332
9849157382
7288928631
6303374220
9849419551
9951752929
8179049563
9160823372
7981744405
9502582930
6305198287
9353692355
9441683746
9701801500
9985435172
9949089327
9959386481
9703789172
9663003737
9966645248
9701848345
9502633154
6301358887
8096900157
9000932250
9177872859
7780112254
9908601033
9908632156
9000890060
9121658945
8121155643
9951499412
6281486449
7093182503
9030207855
9701337102
7671958882
9553452597
6300297578
9346159088
9705481245
9908551146
7842574627
9959662632
8247728716
9701147008
9346344776
9581418308
8328413450
9704028169
9390069106
8309648019
9701438257
8179467429
9885935146
8886989433
7799277764
9951215880
9398867058
7794924214
9182825783
9346893271
6281842323
9959803746
9490403993
6301379822
8897317749
9010132473
9395116665
8247058582
9121314352
9948129924
6303891396
8886948215
9959827091
8919050421
9985250885
9440760259
9652780608
9381876019
9866681348
9177189304
7702443270
9704278290
8897243207
9866949522
8106142871
8688943921
9121059225
7893961455
9966928330
9704352578
9985782068
6303537118
7396700866
9346527122
9849691229
9154444364
8099994625
9000033135
9177286110
6301966455
8688864656
9849018933
6301052505
9949819547
9967559821
8790571954
9494285790
7207508118
9573664436
8712217002
9618519222
9121202094
9160244030
8008862570
9704747973
9885352740
9100756676
9866495403
9908828802
6379052209
8688617307
9441164281
8897171027
9666491955
8688249828
9701941682
8328643772
7799040355
9618904356
9640618965
8919660353
8187061821
9949633018
9949262482
8790534290
9052897905
7288989864
6302626522
9959463645
9701283975
9704153978
9701276350
9703261938
9640975470
9502457952
9959211865
9704652094
9963363572
9652012435
6301957062
7483068005
9959332142
9177595823
8688374637
9347936945
9182704594
9347969389
8340026339
9391635412
9502890474
9963616349
6305555673
9676868360
8978454505
9989409939
9502058003
9985797664
9490742398
9502057128
9000981445
9347974725
9908188834
6300744880
9014131697
6309306206
9177741665
8985130287
7075077320
6304213538
7075039680
9030170583
7013774778
9000368411
9703215598
9533444741
9618474606
9640338337
6301382674
9182016403
9989523977
9014712446
9701296768
9177048464
9505639434
9908363716
8978137629
6305777081
9573191721
9182785128
8328516558
8555009529
8074718907
8897672635
9133022145
9542884667
9550371656
8106628512
9441695950
6305633733
9494558033
7981365316
9177219625
9885388432
9481815703
6303228295
9182638835
9000048912
7729059661
6281829041
9985731321
9912341146
9618488583
8555823666
9948479570
8008631072
9491981352
9346413276
9966921039
9866646681
6304199201
7995248615
8247833972
9666910625
9553919151
8463990667
9177698626
9391856338
7207122961
9676179767
9701143498
9959135181
9346219082
9398981170
7680046306
7815809071
8985090771
9908603483
8179826479
8096745259
9966983976
9390078054
6301208213
8096196065
9010772562
7569733122
9676197011
9705540909
9121829659
9985726780
9866409571
7601073620
9059040277
9502629011
7013581412
9491829907
6303604821
8886893955
9505276104
9963722663
8008671963
7382721002
9573116364
9603439205
9000430700
9550028322
9573905639
9390342154
9000483773
8897974662
9515147926
9908829068
7989135588
7989023774
9110331964
8309260898
6304174695
8019153368
8186061064
9966616484
8688063483
9100561176
6302331822
8309676849
9398847972
9100560438
6301696626
6304890641
9849467992
7730080772
6300140122
6301120679
9182445618
9346106161
9652743278
9177025276
8074128637
9966160768
9951192783
8019955148
9160313648
9550399880
9052493464
7680802368
6305737006
9985782107
9652616872
7702066030
9441081544
9866152264
9121698292
8096068476
7989853231
8978500285
8978358291
9052553186
9908851017
7032887715
9177028513
9390162940
9000683598
7997040894
8897242854
9052667658
8985598849
9177127122
9550842656
9182987649
9441507865
9704380757
9985295325
9441904761
9182045422
9989806831
9666099838
6300166300
9346649998
9573765518
9959055549
9014680400
8639554688
8374803718
9492152513
9390256113
9618276899
9490695580
9676743549
9652980168
9701795751
9177674979
8897148029
6300717651
9014248623
9398960523
8247870672
9441021319
9963090196
8897491220
7569252178
6305970973
9398241904
8008967703
6281518679
9000640773
8978272799
6300310993
9392953265
9963942937
9912249559
9177135690
6303883684
9652596834
9676335534
9966480735
7337021863
9052809664
9333677999
9908347662
7032706612
8008789823
6303465818
9951738194
7601097939
9441739400
7780185519
7569272214
9441668364
9908078746
9000612732
9014473674
7989012258
9963370298
8374917035
7989236682
9381995721
9392316196
9100698049
9347861231
9502928459
9908977702
9959030459
7670884565
9581287660
8897986792
8897642360
9849049177
9581999818
8374722105
9505550094
8639613219
9000700924
9676576294
8008139677
7207037199
9849545747
8374012832
9000372235
8367353732
9491381904
8978553706
8500463056
9701793159
9502589114
9704181015
9963949411
9866671782
9492553764
9652552085
9494933454
8008621011
9000467935
9848804573
9014635700
9014882919
9169718888
8008361054
8106211897
8008363482
7799078270
7019574818
8309646409
9000476225
9502141513
7259660275
8008781317
9959605001
7989401256
8008910557
7893389002
8106360421
9398773638
7675941722
9912726145
9346578124
6300690439
9000717673
6281712694
8297247382
7032434631
9666357339
7729007106
9989653405
9701142435
9550244011
9849190437
9380666469
9704033285
8309356118
7569077967
9704836268
7396185754
8179549839
9959845824
9966346765
8106554157
9704908255
8639870388
9347313525
9121180839
6305894787
9032624116
8008537389
9848781868
9381754788
9346746489
7396427467
8247764024
9346545821
9392477569
7569123538
6300742620
9000175124
9177964372
8919751664
9640964452
9177392552
9398333522
9676312653
8019380705
8498991680
7893249408
7981251754
6304022319
8074867805
9912565848
9182400673
9951883589
9618353139
7013618859
9390698629
8464039267
9032886888
6301016288
9398426254
9346005891
9908975531
9704227857
9866425442
7989301327
9347439417
9849427062
6304084155
9490270424
8897870713
7013411553
7993900392
8498993128
7671970059
9652713159
8142334639
9121116327
9985164297
9014459247
9618391063
9390408166
8106350602
6300306430
8919697225
9490481914
9949296151
6305475502
7396521106
8008137172
9908159353
9966904838
7780753466
8019800826
9490188343
9642097141
7989372475
9703556843
8008584780
9000698916
9392166195
9347427540
9177711669
9989842418
8247841062
9989937741
9652173200
9676782732
6303311200
9490622060
6305765154
7702262442
9908819878
9052957065
9618650190
9705385813
7075689196
9959440253
9014284146
9949640616
9581740727
9959819824
9505322033
9959352971
7330982476
9666520683
9052615121
9032474435
9492326007
9573552181
7075230294
9581239573
7981744919
8309443493
9052514202
7013882832
8074299637
7899096114
9493345379
9491389101
9949781665
9008959146
8074808351
6301774129
9618279397
8328400541
7680830696
8309512027
9866038915
9963889855
7702843416
6300880913
8919203281
9701436751
7702786031
9951404287
9154245556
8008458875
9177704390
9959803587
9000737925
9849422194
9440667997
9848787336
9959661506
7093202061
9000370937
9573620886
9652907626
9133004776
9542013810
9652937086
9705859711
6305606391
9515128151
9966737912
9652353247
9014153604
6304177134
9515492831
9908043829
9652837989
9866613137
9849085126
9346843411
9959309480
8500987679
7993348249
9346384113
8309978644
8978047445
9985931592
9052848754
6303236045
9704527693
9701063790
7799551631
8008675633
8008912014
9110730121
9515857695
8985090758
9390857969
9701667649
7780219764
8332008802
9640452349
8897864828
9985770575
6303836732
9440772765
9010442771
9550923897
8688166213
9963060158
9652537086
9391172219
9959846496
9133214878
8897289722
8309585006
8008195349
9000464586
9705362836
9133473542
9948160294
9618372875
9063431514
9346299285
9949205319
9494057595
9515580738
9391563799
6305585632
7093735767
6281873959
7989968465
9989756903
8179135928
9550529499
9985532457
9182169112
9398743505
8790291629
7815940442
9959332656
8886388057
8309434639
7730858494
9052934224
9908323346
9493459118
9290818477
8790399682
8309685388
7569090463
9492624622
9985523709
6301298733
9989396945
9573187730
9014734804
6281959628
9949595882
9573189042
7569563949
8919938925
8897435997
7816062376
6300887375
9704264039
9704793297
8886520098
8185831999
7337200665
8688046197
9347981427
9381680876
9492624073
9866608694
7780661266
9951853251
9666183374
9989897976
8106115849
9010263617
8106373513
9642927264
6300225731
9490767243
8919192656
7989860126
8309961858
7672034198
9000382020
9848286952
6304430610
6303849566
9121156193
9705841365
6305895608
9346489353
9618598342
8328402120
9392727412
8208103303
9581008853
6303657090
9866010328
7671064290
9912973421
9121759198
9346476908
9059081694
9573768022
9398896093
9885658856
6305380114
9618953864
9000179263
6300150879
8309713122
9381816870
9290615250
7386732388
9014774521
9966443714
8500840366
9502857855
8897217292
9491829102
9963065491
9441048086
9849669791
9177252778
9491919135
8297763572
9618428777
8555845395
8886020694
9618623414
9505292902
7794032688
8074861626
8179267771
9177278005
9989371077
6303390771
9381629854
7893504630
9392706252
8328243771
7989260171
7780236388
9912864922
7207316849
9989375253
8500869205
9959337258
6304880362
7569347245
9346173239
9652749953
9704278060
6301164311
8247022108
9652758543
9701512820
9652234877
9704310158
9849515158
9441081587
9390939208
7207344001
7093246514
9908829903
6006323109
9963058908
9701147710
6305503618
9666734283
9392027687
9381977819
9381493530
9703901876
9550331117
9494938029
8186063825
7680023818
9618865471
6303079142
9848862495
9542742249
9963353244
9701525132
9346126017
7396889098
9951812882
8179161875
8309404705
9849935103
9989898881
9949988864
9515558481
6304090188
9948556483
9989229112
7659004496
9247251098
9494110974
9908373301
9701437067
6304966537
8074360387
9440989180
7075810334
9573383860
9908694067
9391819993
9985204264
9573937364
9542728125
8247370948
9398466389
9704720717
6281329125
9959273186
9133636796
6302040968
8143588321
9666491233
9490130999
9908788557
9866167991
9441860717
6309357307
9704515483
9390892968
9177202970
8179012619
7993638291
9704948814
9398313774
9703012561
6304838124
9346576868
9949752551
9391721202
9949375889
9848281584
9676468976
9392124203
8309337563
9866061715
7993664421
9666864479
7093280553
8008460217
9490659670
9010776820
9100835307
9550996971
9182272282
9666975880
9000876470
8919814136
9000078453
8099606017
9703861102
8331828924
9347172398
8977270534
6305819126
9849953638
9515391890
6305288871
8688669127
8977979649
8121281336
8008171394
9381315453
9000720595
7780365958
8341325022
9963850130
8121237710
8143296159
9391981771
9989074868
9177051881
8008837406
9398816088
9553453947
7337008817
8332824437
9703332968
9642413300
8897906482
9573763559
6309552756
6361879610
9963535580
9177601380
9492852534
9347502437
9248602055
9502212080
8978894711
9493348928
9441445552
9347357480
9885353592
9110706641
8008386420
9948091704
7396452845
9391278340
8977211787
7569478836
9949249042
9381891781
6304988272
9381598350
8985290858
6281960894
9492964078
7671902213
9177464310
7569599565
9849863893
9966635655
7095692715
9948265177
9966560383
8374033219
9885235955
9959413029
9059777040
6303235145
9959430308
9912194505
7893297149
9966182796
6302487154
9908984550
8008843830
9440839134
9701521223
9885253881
6304070377
9908562875
9440270724
9908561910
9000007367
7013088482
9182522280
9640991629
9247116575
8985589669
9000035167
9959166956
9866453145
9704034866
9642120086
8639786617
8897165955
9440511169
8886841553
9849533173
9989308140
9848402148
7794882713
6301206928
9381538981
6302285748
8500231866
8985933862
8121188109
9573167238
9704574279
6301432141
9440657006
9573319241
7569111635
9059272826
8790630755
6300617637
9390230220
8790905162
9912396554
8374515120
9392269211
9052996194
6305598612
9398836953
9502876387
9398282928
9063925221
9959756796
9652419597
9849479028
8019172843
9505342366
9951525298
7075504426
9676853837
9347375742
9381220334
9441191632
9177329119
8179213148
9515581786
8106321736
8639718097
9502976061
9908269836
9177910843
7670807036
9553584092
9177398411
9110338489
6301368471
9502905423
9000696679
9010441150
9618991065
9121310660
8977336630
6300955177
6302792076
9676016913
7842477627
7569980335
9100955256
8341338868
6302930058
9640987129
9989043885
9391144862
9704099366
9032507827
7892387601
9177967359
6301730208
7702767060
9505962032
9182371354
9030285166
7093455442
9666291028
8501881150
9704763349
9440014410
9948614351
8801646058
9573445332
8919648440
9440966257
8008858723
9573197194
7989380471
9000324212
7674008273
7013859149
6300709598
8885035323
8125800454
8790291693
9346071075
7730961047
7816098678
9652836315
9000477306
9908829909
7386689973
8309942075
9959815177
9908673158
9121824679
9985925757
9959478282
9676456948
9676537093
6301759949
8374315363
6304474832
7396698225
9550586983
9182512682
9704687078
8688587498
9182630547
9392857176
9440515473
9398298646
9951752604
9182278244
9154118465
9701438566
9573313561
9440332985
9014456507
9035814158
8179791670
9912318393
6300274514
8688363241
7036186115
9182109680
9502702802
9573003354
6281400851
9398466486
6362749416
9000208460
7975669712
6303789905
9542000838
6303357070
8919924990
8886852749
9701774543
6305669242
9390848407
9381531891
9391868419
8341387996
9959803304
6281550085
9381343075
6281752839
8919399172
7799245249
6300828640
9704204095
9441708438
7816061526
9666143361
8184985959
9640799551
7893917206
8886922762
6303547963
6303506196
7013775788
9676931926
9701436022
9505667974
8125836735
9032127340
9391165205
9440330987
9618200175
9553673640
6301791402
9494836130
7306708139
9441664749
9014290615
7382864354
6309565049
9398875141
8297875410
9676875819
9705963152
9000183750
8897171707
9573952544
8919790539
9866348711
7780710085
9052041671
9502387500
8142487220
9550828284
7799121350
8688460225
7382861008
9398431993
9010266106
9177311480
9030479092
9505581808
9701438953
9490802134
9014644745
6304983610
9949742746
9110534026
8121124685
8142658187
7569795815
9866267754
9398906527
9059089787
9704157830
9305990712
8688928223
7981310949
9885119974
9849642370
8639411083
9493557958
9392301879
9985423045
9441698105
8074228330
8328076584
6300002989
8520916048
9704736239
6302663938
9391157507
9391792955
9494995522
9390315368
9441720006
9703221797
9618297884
8106287425
9963619043
7093154732
8074951732
9052450716
7075184822
9731441887
9392594991
9391605744
9347892748
7981862547
9052267771
7893869691
7569661135
8688092374
8639367806
9908063739
9000466591
8328467827
9963130855
9000212159
7989196735
8106989760
8499953307
9948165143
9677899697
9849536438
8978922106
8143989534
9550360796
9502676835
9440035019
7075764890
9390749470
8978383495
9666544349
7702410100
7993411302
9652479642
9032807992
9912578854
9959652701
9182914672
8500078647
6304164738
9490124064
8919402585
9346750899
8897841496
9247290042
7569926663
8008965628
9550364727
9618984996
7416042813
9032231624
9392446573
7989490768
8179728925
7093227387
9912947276
9848503100
9866124182
7780712469
9550668348
9502748861
9949761432
9160534594
9346048236
9000766470
6281255080
7981752927
7661828965
7075883225
9985799975
8187845179
6303340248
6281740768
9533725389
9441668758
6303959874
9014859703
6301032181
7569417223
9059285054
7670944423
9392738346
9618730540
9581249067
6304236343
9704203994
8897084633
8143604642
9398657579
8106894357
8688107903
8008939375
8374060584
9014273798
6303255694
9701624264
7032106641
8179501790
7995727426
7337574955
9676576176
9704825319
7780373435
8374148045
6303656843
9347453570
9391653832
6304996691
9440786473
7075068099
7674901532
9491508117
7989996746
9701609691
7569854534
6303961073
9441951432
9440571894
9392767299
9177578265
7337203004
8179799842
8464802948
9949904172
7989347679
8985541315
7396621435
8247736847
9154849304
9440951537
9392793260
9381835735
9701331648
9390942883
9573583231
9494308448
9502975709
9381469035
9963370458
9963024586
9000386810
8977499565
9652620467
9848374506
9959459581
9553723026
9963874606
9121549135
9390913912
9701589065
9866895590
7569074974
9110379027
6301584149
6304072801
8919004841
8099419014
9959316464
8500309043
9390218741
9000365693
6305236725
9502591498
9652359510
9951909007
8074357536
9908544911
9553192812
9121095563
9618632619
9063604744
9398879213
9866892650
7670835322
9701578459
7569913378
6300618092
9701546425
8074143847
8712909059
9502628640
7993758052
8897760858
8790671299
6281416620
9676102031
6304119808
9550098563
9347369971
8978051249
7013917512
8978372238
9491111190
6302429342
9985209310
9848061901
7330951095
9100438762
7093241223
9010229212
6304807154
9866120391
6300889250
9502924501
9573377838
9652988767
9010847814
7989518144
7382540014
9014613500
9533988687
8328677717
7093936850
9666484923
8179805706
9705110024
9014822945
9000487072
9000424921
9704288131
9440927886
9705380139
9966456849
9052802982
9866667337
8247329629
7993599716
9849895154
8500296612
9618723695
9293948194
8179655460
8008412368
9676745957
9154790693
9966644505
7032297546
6363361043
6305559787
9642353737
9010708012
9885360637
9573964556
7993792716
9704202553
9390047985
9966031446
9502059700
8688877086
7995224350
6305239609
9347393955
9490601466
9704681621
9000108454
7674073818
6281232934
9704453148
9502887155
9392086685
8885229072
8309414910
8897287817
9676050982
9550500769
9652524350
9515328021
9581848197
9010600481
8374441047
8523869071
9959508893
9550317770
9948288791
8712396453
7780385763
8919208885
9963574983
9581667736
9032096252
9542727544
9392102731
8790661165
8096717068
9398770078
8885025490
9182743075
9000372606
8919933520
7780224460
7981582103
6300987780
9391713068
9052709932
9603671851
9912125819
6305988232
9515512131
9676244554
8179882162
7702996179
9652552900
9550389182
9949259305
9182955605
9949632442
6304506588
9652153195
9849028471
7569088210
8978838508
6303334872
9704493781
9440214588
7981266605
9177628208
7989881511
9014588201
9666842601
8247832244
9515975779
9490693661
9347562395
9959470288
6300858639
7799112532
6302780209
6303478550
7207759075
9573398579
8639867029
8142401788
8500468299
6305784731
8688292679
9849216099
9347519982
9703897665
9951707419
9948285642
9849030447
7671946848
9100435735
6304588813
9000473531
7013048747
9492503009
9866939078
6300497164
9701043307
9346112651
7569668978
8897600894
7982600898
9866437270
8106370735
9052452688
8897833791
8523833040
6303448703
9502416378
9390261156
9948471380
9989623347
8179035490
9505310108
8328444619
9701449979
9885243382
7396463730
9652738625
8142446437
7674865702
8497907091
9908583497
6361963673
6305954478
9618165139
6301032862
9640293780
7675979850
8897960322
9652848729
9573129580
8790539515
7095052944
9701805747
9849544528
9441045471
9182042664
7569930220
9885152041
9676181530
9704210959
8688126008
9666162750
9704825794
9912694070
9110709482
8374976056
8187041932
7702698096
6305205928
9949603924
6281234735
8886440305
9949593720
9866069665
7780324607
9014773534
7396423755
9502569401
9502476019
9381569954
6301241260
9866941946
9398143094
8374555020
7331150014
9949723054
9985912686
9848963566
9392306516
9652347180
9491408689
9618858879
7673997276
9177454040
8520904938
9966447209
9951914046
8247680628
8688955875
9032360527
9441667254
8885547180
8008133423
9502858607
9642202138
9703324633
9866411044
9908079522
9182597414
9030624432
9849920992
9398866810
9063813341
9391171198
7995740027
9490624748
9492623340
9494609739
8074895139
8897927075
7032890605
6309659124
9121492024
9052143704
8790786433
6301110649
9502777354
8074397013
9949279375
7036632337
6305291202
9666034253
6281736476
9063165404
9705126441
7989721333
9642779469
9392962922
7674995410
8688831778
9121896678
8008149903
9573512010
7569021007
7995479831
9912855681
9346808182
8309905203
9000876904
9704402756
9652411217
6300771980
7569292328
8106370350
7670946474
9948362413
9490325250
7702260587
6300305637
9618885068
8520975513
9494365037
8790571573
8897790196
9704037539
8106087716
9949751921
9951729783
9391853395
9989248868
8500828999
7671094546
9160759448
6303802160
7981172650
9849516861
9573694316
8008905597
7989733308
8897809972
9398535164
6309787172
9440582004
6364040710
9347932768
9963089620
9640773284
9381702189
9704239280
8790173023
9550424846
9951555764
9949252407
9502908308
8919815745
9490184800
9912739251
9490674763
9000894424
9666293178
9959558737
9182642284
9492058196
9550312423
7671859355
7981584175
7207485156
9966493332
9948564011
9494652947
8074632840
9849474340
9398063791
9440850653
6302682484
9440514196
8096369719
8142677609
9573134007
9908039797
9392014150
9949069471
9703083936
6302157833
9701141455
7893634274
9951557220
8919128718
9381528149
9618353494
9347583115
8688297707
9010923215
9177556594
9160516564
6303756435
9849228279
9490622567
9676253994
9951102239
9032749974
8886754350
9885320169
8179033794
8897056304
9704946944
9000629139
9908349684
9110534003
9573241986
8790622208
6309692144
9493500752
9885661301
9177593297
8333999967
6305126055
6302625490
9010720420
9440337236
9740685286
9490123692
9110363279
9573835279
9573761520
9849415246
9398712630
9347478243
6281992252
8374527255
9985143835
9703030913
8886306679
9959463051
9347073691
9110317961
9603439095
8179516127
7816037989
6305252054
9491132709
9949477349
9297155578
9182598728
9493419255
7013132889
9618623177
9701731349
8919400792
9908476376
9398522993
8179814438
7022850041
9701205358
8185077812
9491287850
9346671105
9652379833
8500043431
9989981544
9866932274
8074345354
9908867160
9849399370
9010129837
9542673426
8125783540
7382246291
9059087247
9949323867
9030129596
8247614637
9703944554
8074857185
9701118404
8121952122
6281006300
9704460865
7670893319
9618475810
9494086056
8897902079
9014175904
9949074813
8897218951
8897259574
9849108443
9676738853
9705529309
9010814114
8197141559
9177964412
8790737388
9381564346
8897463519
9885335274
9494003043
6305618928
9392508998
9703120576
8328433682
7670922856
8886398027
6301541058
9963088534
8897646424
9390018210
9490404197
6302303174
8555887156
9502604104
9441124757
9502682459
9618984702
9949040193
9849615713
9949440238
9912738992
9573857323
9701465596
8367523020
8309317650
8374727012
9652626844
9676978487
7702589660
9949920923
7386761487
7981375524
6304732095
7993062366
9701655827
9160844785
9441552218
9177697937
8500131804
9494816500
9392799231
9030309680
7569144276
9381912941
9441551385
9642108129
9542411082
6303700051
7013607233
6302877041
6281686722
9966226118
8074343504
8106212576
8688390752
9573770456
9985535733
8074695004
8341273375
9391117508
9642718886
6301357415
9441212152
6300206255
9032765840
9100087482
9398693103
8688359537
9059883896
8660083435
9391812053
9908999974
9014213260
9440082855
8179553576
7386382880
9390501712
9177615919
9704338671
9912656045
9666853465
9390131128
9493024574
9441362102
7680979037
7799571822
6301503089
9966321286
9030751773
9490058359
6303446962
9581838247
9966367028
9849105121
6281426155
9110382881
9652611742
9391780689
9381486606
9440869088
9014862172
8008719784
7416198108
9032936980
9959015854
6303983853
9885461895
9866716894
8466965536
9000099702
8688934107
9666098192
9346131658
8886254083
8688582565
7075475437
9052800894
8555894629
9550493930
6302051110
8886421592
7337407941
8688471897
9392995935
9908799824
9963631135
9346209063
9398868423
9652189232
8639590678
9010786106
9490552794
9966551239
9391847528
9885978290
9908874641
7799992264
7013234391
9573444738
8309561686
9704970969
8106285049
9100601070
9704713509
8247539963
8328404820
6301848443
7780593034
6300155679
7993911518
9618739456
7569451679
9014040881
9014986322
7569473331
8519859443
7661873981
9705297904
8555051759
8247799607
9110549276
6300939187
9502179438
9912232309
9492995258
9000179055
9063575427
8886113913
9705462553
9652257695
9700751466
6304599064
6304923436
9000414348
8688656404
9989688149
7013918708
9989429090
8179372490
9010157475
9052603591
9441137233
7989856160
7989088196
9959757632
9676978775
9502110806
7670867952
9550703902
9441361967
8121968993
9177081778
9014805013
8096108347
7093861176
8374212198
8497945051
8008373755
9390467650
9989494315
9494058089
9346105801
9440587081
9121475617
9703711440
9553842997
9866361694
8897484108
9491361963
9441021486
9502657452
6300804913
7893786556
9701449981
8106945798
9908829422
9440333936
9182778833
9989747305
9346759103
9676183898
9347359049
9491837172
9000876499
7093474396
8520067972
9573115782
9381557298
9666349241
9908090067
7093230576
9959487349
9959022731
9110334002
9573689947
8519879362
9346636860
8886274858
8897655634
6300585281
7382825995
8074095697
9573172992
9652289263
8500765132
9703722737
9505334752
9381310072
9390327440
7702232855
9121791634
8790117907
7729800211
9381629722
9666006296
9490524326
8096717861
7337581880
9573591961
7032355677
9392565060
7981014008
9492095486
9885323303
9642718698
8978457448
9640077643
9390354200
6304339592
8919495219
9885183085
9533405662
7981730401
9908783815
9391236924
9440874209
8328230379
8179349195
7569957565
9989720969
6305127058
6304221052
8790339187
9848472296
9177580667
9849172204
9573875458
9985446856
9441145622
9866371151
7032621193
9704556994
9542878950
9010034470
6305685732
9390813900
9908500767
6302132949
9963749340
8247420091
8074803298
8247329512
8639341803
8106837258
7989059995
9502303397
9959515530
8897459564
9704722016
6309972414
9390139192
9581200336
7330937812
8297826328
9703659499
9390025027
9490737157
9493535453
9912005238
9550308878
8179684120
7981379968
6301876981
9676451079
9440228218
9010230472
7842825255
7093453019
9959659844
8886002994
9441262196
9392575917
8330946322
9912738937
9493020046
9618283402
9490575541
9652916881
6303339218
7995676770
8985598875
6300077633
9000374692
9959069936
9110338334
9573234953
9949580746
9640799939
9908003714
9550718745
9704912490
9515519899
9849847468
9701276685
7780110976
6281780133
9391838500
7674993063
9390296700
9963398359
7993549661
9492324698
9700782342
9441208342
9390978441
9573754474
7330766155
9701735346
8639544230
9848220822
7075644813
9959558539
9381671365
7799646406
9014739184
9000728923
9908676967
7569758159
8985421091
9885235062
9000626601
8919519492
9346210320
7013514875
9573796492
9000031378
9542273046
6304926769
8074813257
8790394087
8919904884
9515195701
8374400174
6305437526
8297034940
9849640938
6302517442
8897234665
9849153288
7672081031
8519954244
9573188541
9121953174
9666358708
8019910976
9959470068
6300892970
9441107035
6301691291
7382320501
9972855676
9000171180
9704202770
9949904408
7702953572
8105929046
7893201585
9553794451
9515336017
9705596498
9396625867
8106156499
9030574841
9381427159
9885114923
9502059707
9398392763
8790077495
8522951046
8374676791
9291636563
6300263664
7095008342
9849535642
6305551278
8142461452
9000395170
9966874059
9502153340
9493950150
6302935857
9989668420
8317669623
7799303688
9542567292
9948211942
9440413471
6304519609
7671946819
9346576334
8790713359
7702437358
9502056148
8978760998
8523001857
8142660488
9014344266
9676016477
9959743301
8095883363
7601059383
9849119565
7569696593
9603097276
9441080549
9550219888
9494543446
9963092230
9866189322
9573630866
8341657989
8500592649
9014588713
9989941609
8688060221
6304653146
6305056112
9392675340
8008662532
9640617287
6303069801
9110737221
6309826574
9441899381
7671844164
9000683407
8639751788
9515284571
7993862719
9959370896
9640032826
9121068788
9014852894
8688015103
8978839170
9959304664
9989376022
9440895246
8121519223
7013503197
8106070208
9014372722
9704827489
7075704773
9347200036
9912963717
8074672506
9701695411
9346379135
8978464563
6304611271
9908476405
9573638867
9676088354
9392409296
9866605019
9849270821
9703045283
9849975287
8978034926
9347758530
6304790758
7569640340
9949157076
9550430813
6301609144
9505961146
7207004649
9160722231
9989439966
8919796608
7569702199
9392632484
7483638634
7702635449
8297024092
8790316481
9849275292
8106294017
9063560909
9704212959
7032103147
9059312382
8247759487
9392734585
9618083896
9866643145
9849419536
8919332512
8309568336
6300551944
9014760686
9553105424
7075180880
9573118535
7032820935
9652736812
9985886605
9618630026
8688541244
8074787094
8919115281
9346671323
9908323167
9963692171
9640330601
9491355464
9652496682
7680001536
8919300260
9390025792
6303272574
9502733272
7702314643
9441551676
9000347457
7673974791
8639803951
8790318796
7319433886
6281718466
7993791307
9502230977
9603711504
9848426765
9010559170
8247227557
7075219588
9849460682
9441930036
6300457581
8247559581
9492455281
8985002377
9347089551
6303083155
9390766705
9966691272
6301677546
9110391666
7569231252
9177959363
9010212266
9912726064
9959306763
9347020483
9391521029
9676688959
8499051028
8790052192
8106165913
7981975424
9100761912
9704430188
9912050174
9603884079
9908630830
8341289566
8121442620
8142837354
9490764868
9110327474
9985825950
7799481568
7893141032
9177993832
7093887494
9398804207
9949786945
8639686838
8106236064
9642529439
9121114756
8008373526
9346834048
9848844294
9502387965
9704050639
8897556171
8008747239
9441119292
9490362438
6305980457
9441268593
9032498852
8341309712
9885145485
9704027993
9391986839
7680831325
9110300388
9959561248
6305231331
9177716317
9490022649
8374364237
6281886349
9949846631
6281050306
7680034295
9676582330
9491124493
7981797824
9059190162
9502227289
9010301192
9502903680
9014589993
9908050448
9160841800
8296634608
9701596327
8639248682
9391302640
8310338439
9391862377
8978108467
9347006621
9676469505
9182104633
9885869629
7386606795
6303640806
8328522862
9493329398
9701183215
7993495026
9618092098
9502415335
9704050141
6301067583
9948904016
7816042945
9885990626
8333940663
8074286269
9849678870
7013654197
8179291930
9160936125
6302740188
9866920966
8500806129
9542944719
9110717609
9908885382
7780545430
6281393668
7569339592
7981347491
9440985644
9515560630
8886757503
9985102334
9390342038
9392469807
9948829361
8688599318
8639315343
9381686182
9618829341
9704637610
9347005517
8328449982
9703391843
9440677551
6305245669
9398889126
8919130766
8008105186
9959396214
9908945282
9550613255
7569484990
9908966574
9505976883
9705847308
9391009370
8309452332
8978976879
7013584059
6301083520
8247243134
6301199524
9704987842
9703701604
9550824417
7013642089
8096937228
6301672266
9441062655
6305179494
9182816719
9908063470
9391736251
8985505058
7671958318
9347650697
9492329224
8074119159
7569681467
9908962486
9392995275
9502343137
9676524541
8497961768
9581077515
9908104060
8341674726
7780297319
9951272177
9573031285
9951967850
9483331037
6300786249
9248422881
7981454633
9949139060
9676574313
7799448984
7672079914
8106788908
6304514655
9912661750
6281524405
7032670584
9014557008
9392059700
9618438095
9502590311
9346822563
6301456040
9177305929
9866130265
6304462167
9391203043
9100239852
6303269024
9542998219
8328232863
8143179017
9652977652
9032370769
6302478680
6305356404
9966077881
8919226461
9381546948
9490962841
6302312762
7382161704
9008079550
9912528715
8297701961
6300213842
9985139802
9347173595
6300495103
9550037284
8790069529
8978082139
7842733566
7337043490
9959332439
7893997515
8978322658
9989508991
8008594717
9346018060
9701573997
6300917684
9989651086
6304162295
9154978879
9100463497
8008124974
7337588074
9100516390
9100861792
9381285286
9985921865
9440982405
8008056610
8309888600
9491305256
9989068205
8019896340
9908609866
9100854479
9440943881
7330805627
9963305937
9959045011
7036412416
9959423138
9948972492
6301385377
9951542049
6302747245
6300388497
8096767507
9963536034
8297143017
9849988034
9666644202
6300907650
9849607446
8500985550
9492949581
9989563072
9849972009
7981634374
9391271148
9618048649
9959465495
9392435343
9959649809
6302557338
9963549290
9542337189
9885644149
7799380890
6300132863
7799373180
8019101269
7893987964
9985590265
9581613010
9701277414
8121403005
9948190860
7989124733
9100331323
9346563100
6305099866
9985893510
8985589516
9849279270
8008030100
8309906360
9573776798
7989677209
8978447907
9392898149
7416441972
7093897398
9182598423
9666298048
9000713119
9985878105
9000487217
7981989186
9177123810
9381323904
9704588907
9704291660
9177464877
8179410797
8897553746
9573234197
9652086875
8688723275
7997933960
7702697549
8179706796
7337312675
9618567752
8919603848
9347799336
9392656969
9985360230
9877082720
9515750265
9494585715
9618272453
9542008903
9160445291
9121116675
9494247076
9398969773
9000543980
9398358886
9391936180
9110729277
8008183254
7416373134
9849669805
7386727758
9912098911
9573776914
9963325377
7032517535
9491880382
6304649138
9550445949
9391816369
9392245831
9440481585
9392797215
8247238839
9989367091
8125404847
9989239496
9553953090
9703093177
6303429426
7989108283
9959198189
6305596922
7032791238
8309569692
9740428772
9704851019
9963976121
6302422505
8897841968
9502342694
9704494507
9618704023
7799156150
6301585877
7989634795
9908600827
8498819907
9618670973
8985934568
9573297585
9381011578
6281964343
9652038548
9502889303
6281162534
9014109002
6302401976
8341748317
9866356100
9701762429
9391209369
9573915543
6301620553
8520818200
8008382976
9391227192
9493829619
7095544708
6304648761
9704462689
9392504508
9652496320
8143639928
9949083305
8142840647
9908769897
9849913497
8074966924
8074400674
9441585607
9989087583
9866955174
8297617608
6305545934
9885050663
6281108280
9885637274
9849537243
9704461337
8333882312
9701018697
9346240375
8179227873
9652366848
9963295703
9573639190
9550198338
9490567159
8074453404
8247696546
9542902604
7799622508
9912195955
6302465878
7702232030
8985805234
8639491616
9949903664
8897484117
6305856342
9573277994
9701608313
9121338589
9573761916
7989793021
9848174121
8121706987
9959347710
9704970830
9652866178
9912049906
9492151790
9951525003
9014588330
6300132477
9004379956
9346599630
9505585836
8919272366
9346350774
8463920125
8142525667
9908830086
9441869921
9390530028
9391442095
7702424589
9652283637
9121247424
9985792802
9030489946
9676140115
9705961324
7995845438
7799101900
9381662772
9440288634
9989482860
9573274870
9550332400
8639102045
8971746956
9440722098
9290090528
9014320690
9885843304
9989433773
8008025998
9513100333
9550896690
6281139399
9701343941
7396542902
9347857239
8897633950
9966792474
8328347364
8297970396
8074666736
6281368858
7780337793
9553273271
8977991368
7676876024
7075756471
9642349146
9160609705
9618897192
9000105385
8328681088
8919160528
9391575290
9959579033
9490978632
9182889283
8465987935
9866789284
6303386040
9502955225
8106049697
8074292497
7013823238
8008237049
8555019721
6281706450
8555090082
9885333288
9849245725
9347740652
6303361484
9492730186
8096412513
9100262063
8897911708
9550721266
9398867387
9849262317
8328048547
9989435034
9160793613
7981325011
9642970040
8985754866
9908254472
9381403233
9908583911
9666525229
8328219045
9985021712
6304390396
8688124954
9951629953
9391040516
6360980902
8179261241
8106628988
6301400970
8008258942
6304854977
9676293443
9848716347
8374018354
9100139434
9908244235
9000144976
9177198146
7780135467
9542271425
9908763671
9182800162
9666625723
8919298321
9542265486
9966836125
8919616407
9515700719
9100783181
7674022476
8341378950
9902118788
9959900743
8374636812
8639974057
6305626499
6300024495
7396814524
9701305660
9014968078
8978444929
8341425566
9963371281
9573326593
6302407803
9494836890
9959706691
8374434020
9959516328
8125907959
9347941260
9989925223
9849756858
8639034712
9849419052
9959858224
9908867280
9100895055
9177987695
9441166187
9014196264
9493348824
9494977721
8309008840
9652838154
9849330531
9440822896
9494949746
7075181598
7337379053
8985339359
9908061208
9177445546
9701568589
9959451360
9000879924
9959519720
9177138464
9866674712
9392343252
9959958413
9391101591
8790033829
6303712374
8217649994
7396185968
9848487544
7981788398
7799691211
7601076065
9347621668
9052014003
9618537295
8790243554
9912248121
9581667036
7981054480
8919460323
9618956925
6301711389
7386464418
9000893413
9704547012
9703045282
8688882586
9110366237
7993026220
9885840505
9703219894
9959802881
9652907611
9550148344
6301722424
7780668428
8008531492
7893659162
8688358296
9705122849
8008868657
9948267069
7671872895
9959517351
9010190249
9966035344
9014142641
8374129498
6302703280
9346487455
8639099010
9398067873
8885388318
7674984522
6304406499
9885748677
9000347010
9391157894
6281098187
9908498065
9441615491
9912233638
9440686950
9740966975
7995472995
9440105525
9959056514
8328343587
9441445515
8688255863
9440592697
7702736956
8008895017
7330679668
9502239187
8106951903
9573039149
9490445296
9885317971
9686328026
9347763284
6281481731
9550088148
9849470912
9573543542
9381499607
9391508515
9989872232
9704292080
7780429400
6304530581
9849073003
9392641544
7396902187
7671932938
9346413988
9848455651
9490980779
9347472569
7601035709
8008437901
9550339345
7013454667
9059310982
9160949443
7032334742
9502330034
9491168620
9177794439
6302304943
9390169894
9963026387
6302869146
8897987224
9441765120
8328242579
8919608875
6300862046
7386358651
8688035073
9908532224
9160392724
9392629909
9959515852
7981936436
8125016217
9581194662
9618764721
8106027513
9441639350
9177535972
9959313378
9177317124
8886031491
9912571035
9866792158
6300722382
9849257227
9502419781
6302544258
7702361823
9704282912
7075654510
6301788700
9989160346
8341823048
8096357472
9290577949
9182766974
9948773018
9381158875
6303440869
9618205674
7013779279
9182894395
9581082270
9490188264
7799500450
8142114025
9963007105
8639147259
7893155099
8978891460
6300558565
8309336572
9701767593
9704935245
9449539824
9441165614
9502732564
9573952213
9440249444
9347529943
9014281501
9963876670
8919170370
8688256857
7989768948
9398137557
6303134928
9398085392
8096120205
7672085386
9849120074
7093951518
9160181377
9980354890
8186810016
8297888583
8309108502
8919332363
7337365103
9160733938
9703634927
7997045217
9014828952
9989353413
9398878963
6304854584
9908579876
9849754490
8555901542
9542073536
8886842568
9951172403
9704035740
8106104359
9848485411
9676293806
6304954083
6301257188
9502839374
9985899775
9676869217
8309508153
9912947381
9502344475
8332081049
9642388378
8074094390
9347057972
9030275155
9490481923
9398373006
6300821858
9704886054
9535821246
8019734934
9177441592
8790826081
8179982645
8121414622
7036528659
9573999384
7731025194
9949390561
9963738796
9963186342
9885277285
7893869072
8341409471
8019729274
9398919449
9985606374
9963820784
9908160943
8919431989
9948280478
8500124820
7569210098
9441445565
9491991096
9618815356
6305863665
6305849471
8919584001
9652545424
9849475742
9949760793
9381645423
9391034744
9182461812
9912715417
9908302220
9908288914
8520009801
9959325057
9059007450
8688782229
8328194545
9441012489
7780766229
9014549870
9441417707
9177221061
9866432972
9000565088
9391069493
6304361726
8897337193
9948829193
9640423309
9849890226
9908583492
9866180902
9494049044
9515959148
8019649620
9985373190
9502385861
7995829465
6309083736
9642841798
9391332395
9866714929
9966906219
9000466327
9959247323
9177452763
8142867655
6304925332
9441043274
9966117640
9515604332
8977136104
9441006174
8886252438
9704600601
9390239349
9703316939
9000464424
9392594413
9493582971
9704606983
8978301055
6303104392
8328564363
9440662864
7013141675
9440289940
9849356165
9440249941
9701266695
9490322844
8074789903
7799097797
9398014685
8977391235
9652195256
7993133495
9550115408
9398333213
6300647741
6304859343
9030217080
9951019159
9908241280
9550696355
9573762638
9618303742
9618249847
8142785648
9866517946
6302472858
8309516813
8008369342
7995541102
9676320631
8374784569
9380010069
9912947535
9908516138
9032535250
9100363116
7013596281
7981547747
7288915250
9908606697
9030226558
9912291925
7382344516
9441734821
9000250942
8142065163
9959334320
9704461006
8106773575
9014432891
8688736642
6305872320
9533033922
6303037565
8106067130
6303992508
8978863269
8919928447
8096081649
7013422129
9100289334
9032913255
7013922980
9493366255
8328618013
8333849821
8247094430
9381426940
8688447632
8096910974
9949631439
9505733399
9381560737
7673912253
7993447987
7337028832
6281700470
6303414367
8897719633
6300279289
7207686014
9908045477
9885302629
7981136013
9642054680
8328267172
9573138099
9177345052
9848025840
7036647505
9542729637
9000573658
7396447311
9849003008
9652652727
6305263853
9963629870
9391679928
6301869351
9052665885
8919518075
9032527439
9494933911
9908133301
6300325718
6305418809
9963037480
8919458387
9959858379
9640065077
9391383925
9440292384
6300150440
9440508551
8179092418
6302573436
9676634538
8008878045
8639680643
7095409579
9014372276
9490052902
9392976420
9391571447
8499050537
8277678624
7842139730
9845222470
9177312284
6301689505
9676216671
9963603069
9346774622
8686240126
9502193330
8121330561
6301810939
9640253217
9182384624
9866786031
9652878164
9885710104
8074343303
7995248366
9490583083
7569020693
9951215595
9966495370
9849464430
9391268851
9652051982
9030649011
9908044137
9346721674
6305876114
9398206622
8919266496
6301544844
9440497827
7396956149
9948509946
9542799017
9010509321
7702110280
9133424310
9704282453
9676809070
8897764403
8464938448
9441711750
9346484936
7032185941
9121908766
9346724650
9392176351
9381583314
9949476835
9390939346
9704161698
9347336154
9959504040
9989375796
9010430050
9951636619
8142025738
8367436501
9701383446
7989725541
8019455016
9441191167
9705875334
8688886544
9989903949
7799066091
9492164788
9951303089
7013108205
7013660810
8374808470
9666080710
7095057503
9573136201
9701719943
9440645681
9849832258
9491509690
9398719305
8074900916
9491154114
6303221801
9000883697
9573764778
9014031268
8142254422
9676458471
8309001466
6303032429
9989524624
9493507809
9008916049
9121922717
8688121718
8008698757
9063123280
9959286734
9000032167
7680850770
9000874737
9391279353
9030141324
9912043315
9553118168
8142117985
9663495791
7680082267
9666960679
9704056809
9959371515
9381843227
7093343177
9392490667
8500076272
6281688157
7702922504
9347520155
9951518069
9652547904
8341955526
9502448555
9849690757
8978188505
9848388434
9030270330
9100487833
9963396308
6305896718
9949481835
9705740382
7207259687
9866532654
9966356609
7287991381
9182727292
9100560727
7569801564
9010878205
9959387510
9059914740
9000617405
8919267893
7799349805
9494129458
7569268510
9908020313
8897673184
7780367327
9985656705
9701628268
9381461720
9441377878
8106228444
6300476161
9110590557
7893682039
9390527243
9553289150
9912018425
8688096490
7780520229
9515055385
9948665941
9542379087
9347131612
9346861580
8309707591
9542217496
7989980199
8142440585
9959389280
9000177058
7075890998
8297400491
8096600210
9618267374
8978691840
9880629359
8688951093
9912400570
9492322891
9160830311
8688483817
7893800615
9440434462
8374075782
9542660130
9966251163
9985221079
9182441779
6305558384
9391745089
9949904066
9703757572
9182619846
8008304534
7013824320
9618733207
9704933284
9000908182
6302445934
9908561623
9160554356
9391875025
6300336768
9989453426
9703455024
6300889679
9704406556
9492324629
8008165161
9652084446
9959294915
6309394261
9000376259
6302037812
9573231732
6304786791
9885361289
8179438646
9000179149
9390964232
9704167567
7780353985
8179171098
9908888282
9493348880
6304989161
9014805516
9347260521
8688497107
8688085747
7893925812
9392632550
9515695614
9912863249
9182926155
9866717254
7993510984
8187046636
9492517137
9392441477
9515698558
6302891271
9704202664
8143544054
7673915115
9866353072
9441018220
8886371657
9515452680
8332835862
6304040936
8790515708
7013193416
9347211365
9110386639
9866315103
8008461295
8309855216
9666502810
9676468488
7989300984
8919932702
6305931895
9100795793
9014484820
8184985997
9676115689
9160960212
9959112979
9032710873
9390959795
9515448879
9100146845
9177089427
7702100236
6300494269
8790074489
9676193085
7989542103
7995664974
7993706083
6303279793
8520898478
9441444249
9908638159
8247236662
6301894279
9160009808
8978759838
9381321866
9392048331
8985596228
8904602788
6300966754
8309112851
6300516070
9849940738
9515908203
9392767550
7075911560
8639509589
8008055737
6300013051
8790401148
9019656439
9848028398
8328217383
8074358803
9963338090
9703392223
9866652816
9052724204
9985438416
8374524032
8328062686
9182441039
9182253002
9989758014
9440688545
9704046163
9347058832
9014445305
9652673864
9000390052
9491040572
9441313528
9704279429
9704020809
9666204394
8096116103
8019880900
7993137959
7670927659
9849619006
8688069667
9121744865
6302852037
9666769819
9177357384
9550038042
9989195860
9705350576
9885895554
9951953122
8464010806
9701692638
9959155643
9912318386
9618352253
9381953508
8688446676
8374982129
6304283530
9000767322
9391081591
9849719936
9535948829
7093167728
7780138201
9014360602
8897091710
9441664730
9110503665
9951633862
8639214703
9490422676
9000288836
8639392483
9849769152
8121111790
6302925493
8309423943
9704502403
8317598049
9505998561
9491108300
8088206880
8886269379
9441899432
9985602442
6303214403
6305646738
9542524306
9063805580
8978145366
9490657158
8886892740
9963116225
8688432048
8897290524
9573445154
8179328405
9154677271
6300076991
8309465715
6303483259
9177755587
9985553111
6281266822
9704370412
9704860743
9121724655
9346310500
6303053212
8897626835
9110311895
9581164782
9866300627
6305313209
7093942882
6303232985
8008675356
7569466110
8309520508
8639918447
7013172129
6300669260
9640692551
9381223273
8977457693
9985076407
9849600250
9177240468
9618678469
9949676429
8328592254
9490625341
6303379757
8790298878
8179818425
8121630629
8179815688
7702883357
6302870392
8074436631
9989071070
9440768556
7396321287
9000152191
9502842331
8712803077
9391935243
9515879078
7075110521
7569627028
6309246547
8143880377
9502500886
9010380160
9963008345
9885278622
6300898378
9347823815
6304180676
9640220304
9059426424
9390742122
8019216667
6303852126
9966343648
9676608992
8341988814
9492236677
8688211290
6301415570
9701376952
9618152897
6305339207
9550945924
9100733036
9705427292
9885631747
7981617873
8074248006
9505920584
8897414642
9182485490
9912031986
6303260259
9704947063
9704286533
9949607370
6303824101
6304081560
6304271400
7569078823
6303647522
9959476906
7674051631
6301424346
9989083321
9502610070
9885879564
8179934363
8897709233
7893594130
7702066145
7893634190
9959628896
6303816936
9381507895
9493424406
9550903542
9177306585
9502312433
7702446490
8897186490
9063813968
9515361178
9398788375
8885779293
9502481981
9100561336
7702100438
7993709795
8639982151
9959181106
9640260030
9866157250
9502508449
9867590731
6300674139
9951159575
9640367606
6300310044
8688700130
7995840191
6303998804
6309618420
9640196465
6302017058
9502459988
8977906433
8309195459
6305289460
6309611548
7731802323
9652503805
9032830340
8977418918
9951184521
9908323751
7032473955
8309776104
9392418859
9381943049
9059189246
9618160512
8919501850
9703592381
6304878173
8310505785
9392650516
8328670055
9052228878
7780430289
9866318266
9398558757
9392845832
9603128630
9949497354
9980901374
6304233105
9391446559
6303180106
8247453696
7997600642
9440643724
9491686715
8309951494
8341739108
8008389777
9908439010
8341335574
9515609376
9642579740
9492546930
9989116955
9666747591
7075106656
9515315315
6305830746
9000826096
9989453922
9985659269
9398895073
8919507945
9110780435
9948452911
9346417182
7075050710
6305667226
9390765133
7569605773
9959085288
9182220129
8374551568
6309135775
9972604971
6303336394
7207261310
6309876824
8333848913
8639852006
8008725392
7674834910
9908657090
8074520495
9493039841
9515944844
9391851181
6301983072
8125525410
9491152032
7799818517
8985969923
9493188396
9441860860
9381998365
6281481633
9391777162
9618954518
9908807710
9492964514
9493322320
9494417193
9701602595
8341088841
9441678008
9440064669
9398825961
9652619667
7997549436
8985596176
9581699471
9441214877
9948952282
9032649169
7416095169
8106600525
9491850052
9441764551
9491880970
9704128423
8985223899
6304497102
9573437429
6300252568
6305017820
9849680337
9490765673
9347313536
9100938334
9849898582
9390923323
9392024905
9703383116
9959496245
7337473393
9703031500
8790148826
9133754225
7729001081
9177207741
9704856609
9701769736
7396635203
9121116239
9553484030
8374382335
9492323474
6301216581
9347735519
7396624533
9398124289
9908227238
9542629702
7981844662
9949090529
7780603290
9989453173
9948509912
9963915631
8247768868
8008874717
6301550244
7673947124
9542850365
8074335324
8247447169
9908240651
9346781049
9491062522
9177761651
9550128698
9963615991
8688578005
6304109997
7715056199
7013671117
9885668773
8074542259
9440535398
8179324498
6300546461
7997441200
7799444757
9391467109
6300448918
8688079120
7702829575
6303554399
9618547351
9603315942
7032379354
8919406359
9440886264
9121980181
9849812224
6304668823
9676640322
7013285385
7569561889
9030104032
9966366037
9704460872
9000889545
9000684464
9492541140
8555968685
9632079937
8247417781
9502576713
9030047729
8328694664
9948983380
7989776775
8096292122
7680092731
9059904634
9010035701
9494510548
6305852573
8328552926
9177726418
8019905270
9052869084
9000616020
6305517833
7674970541
9000032363
9652707825
9949580324
6304674721
9705963755
7416689597
8074819928
9676901044
9347034180
9676527754
8330912754
7601061750
8008796068
7799257451
9177348360
9963987002
9912396397
9182135925
9701848257
7893651249
9618132593
9133253076
8790218987
9912876093
7702358317
7989721929
7975087147
7842583485
9392646055
9505149581
9989371090
9676989947
9985656800
8247542992
9390266991
9963868313
8978100568
9515298589
8520017232
9381451461
7093132381
9989579032
9347334971
9618984135
9390401631
9381012819
9704291554
8688433951
8008301022
9391547498
9963279333
9581559151
7981813352
6305138965
9492097614
9010028545
8309364245
7893824456
6281834457
9177231120
9502682787
6300601893
8688724273
9182996636
8639051702
9032750381
9885932215
9959857032
9490460506
9390929379
9492780671
9885866164
7981064752
9100586001
8374965776
9182064542
6303207200
6303141445
7780402762
9032765784
9390506976
9949686680
9440984273
6303736309
9959145771
7330865342
9390361092
7799033853
7680823053
8886222076
9652840215
8688082067
7671950993
9490695333
8688732091
9866550427
9000007910
7989934826
9490913851
9347707186
9160830069
8074995826
9618679110
9014660611
6305826522
8125856048
9963355103
9550587500
9908658400
9951005215
9032834643
9908821503
9346844825
8074123273
8639382559
6301920482
7207269232
9553023217
9490669154
8008216889
9866065467
8309421261
9959266438
9703306603
7097272180
6303626260
9014725668
8978428383
9177295671
8688912146
9281050339
9440167756
7680878137
9652743492
9703944073
7396696125
9966992691
9381380536
9392534340
9381279117
7989390350
9948250830
9110528979
7569604970
9573131571
9346666828
9390797527
9959895722
6302571095
9963916184
9490903531
6364203917
7993751533
7981363439
9550364037
6301823153
9989409330
9652144714
9494688473
9014108912
9160263248
9701242964
9490778550
7680877514
9848962785
9550122374
9494218910
9652361299
9676667483
9390874661
9959187718
7989907865
8639667691
9000874204
6281818348
7780434115
7396401847
7386616486
9392086598
7396283564
6302704591
6281623943
8008986545
9177377568
9701277179
9703115125
8500073608
9502741434
9381756439
9704058407
9052509657
7672008754
9908057821
9490060896
9642159820
9014165570
7386871063
7989499512
9618586441
8008761031
9347177940
8019913621
7799450239
7893466193
7995021022
7799263197
6303383116
7075457540
9985528047
9966766037
9000682231
8431911792
9949501771
9948165923
8639199265
8247793837
8096149529
8978450280
9908755607
6300516172
6301483756
8639091008
9704912560
9550514501
6301848202
9550688254
6281321198
9966909235
9705278050
7569137823
9963364100
6281138186
9177026438
9652374816
9063007041
9177026970
9398572720
9347788020
9441708456
7799855906
9493846361
8309879811
9441048466
7416817025
9866694250
8328390968
9849792389
7989798724
8333837455
9441081445
9398934358
9000366225
9347698459
7730006487
6281860351
7032598487
9966311064
9110366063
9948837254
8106230086
7893574875
6304896429
8688419066
9908713503
9603535894
9908830214
7013317881
9502416347
7675032325
9550222566
8790653220
7989778102
9391599119
9849879146
9573156215
9100148871
9640240322
9866279691
9000179105
9440222235
9398718366
9989859778
9652940997
6302614405
7799181841
9000001279
9398326566
8688708919
8074178865
9390545980
7981010595
8309409323
8555869766
9502305559
6301273812
9491501733
9059402378
7013120651
8985728613
9440483817
9908102757
9908019146
6309580221
9494524184
9848384934
9177821949
9603135932
7995939173
9849493488
8688732300
9182710217
9949607781
9550106247
8374703190
6303609049
9505471230
7013405778
8074255744
9908659471
6303989887
8464034792
7337057363
9704461635
9000267933
8074966186
8522979653
8179403550
8978160787
9573156778
9494555852
9652746893
9704113405
9515105757
9346343332
9848369491
9618681864
8296307665
9581675903
6304012196
9177744080
9959247135
9052545238
8897444481
9160711105
8125558737
9000127734
7337234474
8341708072
9949357572
9885155418
9391387729
8106251623
9701504026
9505236366
9703718402
8333920248
9100229984
7569567660
9618276872
9182375200
6301452216
8074065485
9985952858
8106274085
6300220426
9849409307
6300538682
9493364031
8125708628
9398101002
7729891075
9440288070
9000177475
9000496290
9052319292
8309261051
7702442530
7337464272
9502017351
8978036747
9676059895
8977462093
7702911374
8978323406
9951778848
9676247724
7671826727
9398976081
9902369046
8978244429
7674022248
9912561448
7569321043
9182842388
9951243349
9849659018
9985294346
8328007086
7993272997
9848973022
9000304805
9490295450
7893428812
8985557857
8309705540
9390586519
9949620223
9502902274
7097756789
9704443113
9390751225
9347065587
7036764660
7601088748
9398627435
6305138148
9247771558
9381827542
6281560906
6305411103
9347336050
9603621999
7780392460
9391002540
8008450402
9951114863
9908316640
9391659014
9440078536
8790541445
8247242123
9182442425
8328380454
9492655512
9390358791
9908744467
8106307093
9705054590
8328201854
6301776389
9052422078
8919144054
8919404772
9959673195
9949057321
9908920286
9642855895
9347039379
9441377641
8106424933
9642252226
6302450904
9618782568
6301105414
9000071039
9032083046
6300195832
9848806113
7981884500
9908381824
9959080394
9391716135
9550088434
9908873998
9951032779
9966031874
9908755707
8555880956
7550120082
9963369846
8919342152
9866298580
7995941231
9963155325
9849594609
8019460715
9959449842
9666834245
6303438064